{"keyframes": [], "render_height": 1080, "render_width": 1920, "camera_path": [{"camera_to_world": [-0.6147377366587222, 0.13592951307149684, -0.7769302945592078, -0.8365695668200852, -0.7887315862368588, -0.10594352079821559, 0.6055398048627082, 0.931936824793832, -5.5511151231257815e-17, 0.9850376327212194, 0.1723393806504369, 0.009833242747371213, 0, 0, 0, 1], "fov": 50, "aspect": 1.857943925233645}, {"camera_to_world": [-0.610443271146682, 0.13667159628838726, -0.7802383103523941, -0.8178439339402406, -0.7920599805013121, -0.1053332555172363, 0.6013322704980252, 0.8587084967676578, -5.551115640172674e-17, 0.9850003959644508, 0.17212692850373873, 0.009833242747371216, 0, 0, 0, 1], "fov": 50, "aspect": 1.857943925233645}, {"camera_to_world": [-0.6094998818783529, 0.13733788727134308, -0.781047421597511, -0.8013802603706656, -0.7927861590556899, -0.10558638683729352, 0.6004750534142899, 0.7947681468742432, -2.775562122931527e-17, 0.9848806118685094, 0.17144863791522438, 0.009833242747371218, 0, 0, 0, 1], "fov": 50, "aspect": 1.857943925233645}, {"camera_to_world": [-0.6113696185330274, 0.13793462772113674, -0.7797723404360297, -0.7869577678380867, -0.7913451772360659, -0.10656416840360723, 0.6024287909102509, 0.7391789125911593, -4.1633691153204436e-17, 0.9846918891144982, 0.1703955661786122, 0.009833242747371221, 0, 0, 0, 1], "fov": 50, "aspect": 1.857943925233645}, {"camera_to_world": [-0.6154653425066016, 0.138467941000034, -0.776819683151433, -0.7743556780692302, -0.7881639500593968, -0.1081275269280553, 0.6066067755581005, 0.6910039313959773, -2.7756204287969234e-17, 0.9844465791680286, 0.16905442826353775, 0.009833242747371221, 0, 0, 0, 1], "fov": 50, "aspect": 1.857943925233645}, {"camera_to_world": [-0.6211883630346269, 0.13894394409715455, -0.7725886759800366, -0.7633532127908222, -0.7836612901186077, -0.11013732881232792, 0.612411383569159, 0.6493063407662681, -5.551389458448064e-17, 0.9841566690323305, 0.16750831329316904, 0.009833242747371225, 0, 0, 0, 1], "fov": 50, "aspect": 1.857943925233645}, {"camera_to_world": [-0.6279566930027025, 0.13936883734587108, -0.7674719749106064, -0.7537295937295896, -0.7782482841054708, -0.11245459321242024, 0.6192614531634528, 0.6131492781796029, -1.3879042118930873e-17, 0.9838344838651922, 0.16583733099848896, 0.009833242747371226, 0, 0, 0, 1], "fov": 50, "aspect": 1.857943925233645}, {"camera_to_world": [-0.6352239280440186, 0.13974897011666007, -0.7618556692111051, -0.745264042612258, -0.7723280140201619, -0.11494065750060127, 0.6266106395387712, 0.5815958811135528, -2.775962580853392e-17, 0.9834931980469729, 0.16411899861902518, 0.009833242747371228, 0, 0, 0, 1], "fov": 50, "aspect": 1.857943925233645}, {"camera_to_world": [-0.6424893181844954, 0.1400908814240923, -0.756118504000834, -0.7377357811655544, -0.7662946404737686, -0.11745729401732795, 0.6339572749743198, 0.5537092870456891, -2.7761522414174815e-17, 0.9831471553251568, 0.16242838857378097, 0.00983324274737123, 0, 0, 0, 1], "fov": 50, "aspect": 1.857943925233645}, {"camera_to_world": [-0.6492999523923239, 0.1404013149621195, -0.750630896479021, -0.7309240311162045, -0.7605324265429619, -0.11986677219682512, 0.6408465810767158, 0.5285526334535826, -1.3881830493379483e-17, 0.9828120001709493, 0.16083816951639862, 0.009833242747371232, 0, 0, 0, 1], "fov": 50, "aspect": 1.857943925233645}, {"camera_to_world": [-0.6552461391718425, 0.14068720850981778, -0.7457544838279914, -0.7246080141909351, -0.7554154466916828, -0.1220318575833235, 0.6468662355772844, 0.5051890578148045, -4.164880337618489e-17, 0.9825046234478891, 0.15941870379763978, 0.009833242747371233, 0, 0, 0, 1], "fov": 50, "aspect": 1.857943925233645}, {"camera_to_world": [-0.6599510296451305, 0.14095565791319414, -0.7418428394356703, -0.7185669521164726, -0.7513086173273482, -0.12381573887044667, 0.6516362709402093, 0.48268169760692614, -2.776792549357741e-17, 0.9822429258132755, 0.15823833913802457, 0.009833242747371233, 0, 0, 0, 1], "fov": 50, "aspect": 1.857943925233645}, {"camera_to_world": [-0.6630552854060744, 0.14121385592741528, -0.7392437452926816, -0.7125800666195429, -0.7485704298828996, -0.12508187580945693, 0.6547940620582234, 0.46009369030751823, -2.7769580962062714e-17, 0.9820454018211677, 0.1573639772595379, 0.009833242747371237, 0, 0, 0, 1], "fov": 50, "aspect": 1.857943925233645}, {"camera_to_world": [-0.6641971495031286, 0.14146900608081836, -0.7383030969664549, -0.7064265794268726, -0.7475574537063481, -0.1256937645609116, 0.6559747482192579, 0.43648817339415236, 1.3885291571970386e-17, 0.9819305463570279, 0.156861935180026, 0.009833242747371237, 0, 0, 0, 1], "fov": 50, "aspect": 1.857943925233645}, {"camera_to_world": [-0.6629876502587364, 0.14172821138902264, -0.7393701714422225, -0.6998857122651881, -0.7486303330779481, -0.125514622761616, 0.6547868433549551, 0.41092828434439904, 1.3885355687029548e-17, 0.9819160827532452, 0.15679904129411057, 0.009833242747371239, 0, 0, 0, 1], "fov": 50, "aspect": 1.857943925233645}, {"camera_to_world": [-0.6589798624233788, 0.14199833721012775, -0.7428035625531658, -0.6927366868612157, -0.7521605818709625, -0.12440700426804834, 0.650782028807322, 0.3824771606358299, -1.3884908686301227e-17, 0.982018008754732, 0.15724381844686663, 0.009833242747371237, 0, 0, 0, 1], "fov": 50, "aspect": 1.857943925233645}, {"camera_to_world": [-0.6516301651209385, 0.14228584681548698, -0.748976445377571, -0.6847587249416816, -0.7585368335845388, -0.12223236334694745, 0.6434171989601696, 0.350197939746016, 0, 0.9822494526069332, 0.15826747092131033, 0.009833242747371239, 0, 0, 0, 1], "fov": 50, "aspect": 1.857943925233645}, {"camera_to_world": [-0.6402482808896607, 0.14259660740574615, -0.7582786949892011, -0.6757310482333122, -0.7681680407422807, -0.11885060027231324, 0.6320057658646742, 0.31315375915252797, -1.3882509100572176e-17, 0.9826193272937807, 0.1599441547518407, 0.009833242747371239, 0, 0, 0, 1], "fov": 50, "aspect": 1.857943925233645}, {"camera_to_world": [-0.6239316693636594, 0.14293566341382363, -0.7711112591742284, -0.6654328784628337, -0.7814789005245613, -0.11411963525250185, 0.6156541589014642, 0.27040775633293757, 1.3880810113849037e-17, 0.9831307669757294, 0.16234956914653945, 0.00983324274737124, 0, 0, 0, 1], "fov": 50, "aspect": 1.857943925233645}, {"camera_to_world": [-0.6014790551257759, 0.14330697313668503, -0.7878642077961119, -0.6536434373569728, -0.7988885693543273, -0.107895075861272, 0.593178870559661, 0.22102306876481537, 4.1637465611623197e-17, 0.9837793269098979, 0.16555608595086366, 0.00983324274737124, 0, 0, 0, 1], "fov": 50, "aspect": 1.857943925233645}, {"camera_to_world": [-0.571278958781165, 0.14371310422072972, -0.8088626694542503, -0.6401419466424554, -0.8207559632764833, -0.10003006522752587, 0.5630007508664515, 0.1640628339257324, 6.939001178805379e-17, 0.9845509279492953, 0.16962115577708992, 0.00983324274737124, 0, 0, 0, 1], "fov": 50, "aspect": 1.857943925233645}, {"camera_to_world": [-0.5319442179459728, 0.14420295606751818, -0.8338015128146326, -0.6254744714885342, -0.8467793980688519, -0.0905878542460669, 0.5237915502761024, 0.10024776789763715, 1.3877908622181506e-17, 0.985392991716748, 0.1744059892531997, 0.00983324274737124, 0, 0, 0, 1], "fov": 50, "aspect": 1.857943925233645}, {"camera_to_world": [-0.48814100690500073, 0.14513596007472207, -0.8587338278166242, -0.6154472605300166, -0.872764777805436, -0.08117515221815305, 0.48029343762912513, 0.04214778864556046, 1.387886908407868e-17, 0.9860761368959033, 0.17859010816337573, 0.00983324274737124, 0, 0, 0, 1], "fov": 50, "aspect": 1.857943925233645}, {"camera_to_world": [-0.44160333916915706, 0.14651334702176058, -0.8822508501109133, -0.6106664799485686, -0.897210393851214, -0.07211327880402194, 0.43424031204259056, -0.008054865964689748, 0, 0.9865766641090872, 0.18184825782977565, 0.009833242747371239, 0, 0, 0, 1], "fov": 50, "aspect": 1.857943925233645}, {"camera_to_world": [-0.3929551924487471, 0.14824519798876162, -0.9038258199450548, -0.6103441506212474, -0.9195576201237029, -0.06334972276934626, 0.38623251142095655, -0.051114848274773625, 4.164468679920253e-17, 0.9869195377021978, 0.1841828828151794, 0.009833242747371239, 0, 0, 0, 1], "fov": 50, "aspect": 1.857943925233645}, {"camera_to_world": [-0.3428334290398774, 0.15024092518684004, -0.9230666977706959, -0.6136922934251103, -0.9393962103035968, -0.054830550729262184, 0.33687395984594193, -0.08778681062634983, 4.85888113495797e-17, 0.9871277906662987, 0.1856443014057188, 0.009833242747371237, 0, 0, 0, 1], "fov": 50, "aspect": 1.857943925233645}, {"camera_to_world": [-0.29182297299155413, 0.15240952769127145, -0.939723128344784, -0.6199229292372151, -0.956472347971634, -0.046500666305121875, 0.2867127290026283, -0.11882540536107761, 6.941497661338945e-17, 0.9872228846122354, 0.18632298055193883, 0.009833242747371237, 0, 0, 0, 1], "fov": 50, "aspect": 1.857943925233645}, {"camera_to_world": [-0.240403007323531, 0.15465978717909604, -0.9536725064080936, -0.628248078934619, -0.9706731654217099, -0.03830401341497755, 0.2361925174295618, -0.14498528482061618, 7.635653371233663e-17, 0.987224975770985, 0.1863379865502212, 0.009833242747371233, 0, 0, 0, 1], "fov": 50, "aspect": 1.857943925233645}, {"camera_to_world": [-0.18891123862595158, 0.15690040756501644, -0.9648908027144281, -0.6378797633943792, -0.9819941669484645, -0.030183733602135873, 0.18562097700233832, -0.16702110134662473, 9.023717303126394e-17, 0.9871530804955059, 0.18582408814199508, 0.009833242747371233, 0, 0, 0, 1], "fov": 50, "aspect": 1.857943925233645}, {"camera_to_world": [-0.13752794419812756, 0.15904010099423335, -0.9734153969348049, -0.6480300034935536, -0.9904978872085677, -0.02208228651192846, 0.13515608677220617, -0.1856875072807624, 1.041152343817939e-16, 0.987025135899866, 0.18491970478745626, 0.00983324274737123, 0, 0, 0, 1], "fov": 50, "aspect": 1.857943925233645}, {"camera_to_world": [-0.08627717076639436, 0.160987621943029, -0.9793063497944239, -0.6579108201091991, -0.9962711728262273, -0.0139415421508708, 0.0848080156069769, -0.20173915496468858, 1.1799107621438147e-16, 0.9868579527893484, 0.18375710528066178, 0.009833242747371228, 0, 0, 0, 1], "fov": 50, "aspect": 1.857943925233645}, {"camera_to_world": [-0.03504020921419528, 0.16265175124485826, -0.9826103494082657, -0.6667342341183733, -0.9993859033117415, -0.005702853496120543, 0.034452029096270986, -0.21593069674006227, 1.3099783229099752e-16, 0.9866670589813883, 0.18245536146388067, 0.009833242747371226, 0, 0, 0, 1], "fov": 50, "aspect": 1.857943925233645}, {"camera_to_world": [0.01642368005750784, 0.16394123272950842, -0.9833291232074931, -0.6737122663981336, -0.9998651222706835, 0.0026928815643337393, -0.016152061464163613, -0.2290167849485426, 1.4704010850684235e-16, 0.9864664315626811, 0.18111583686260196, 0.009833242747371223, 0, 0, 0, 1], "fov": 50, "aspect": 1.857943925233645}, {"camera_to_world": [0.06845303178560704, 0.16476466685762411, -0.9813921880183636, -0.6780569378255372, -0.997654340159636, 0.011305159035087584, -0.06733722085528943, -0.24175207193178902, 1.5614242377598475e-16, 0.9862681166571734, 0.1798195539534417, 0.009833242747371221, 0, 0, 0, 1], "fov": 50, "aspect": 1.857943925233645}, {"camera_to_world": [0.12145820964666673, 0.165030368280414, -0.9766327306808392, -0.6789802692776419, -0.992596546089813, 0.020193796913389288, -0.11950481131343454, -0.2548912100314608, 1.943043368376516e-16, 0.9860817350054973, 0.17862561248552136, 0.009833242747371221, 0, 0, 0, 1], "fov": 50, "aspect": 1.857943925233645}, {"camera_to_world": [0.1758933814133013, 0.16464619769768835, -0.9687651896147679, -0.6756942816315048, -0.984409223024142, 0.029418839007747964, -0.17309811916772397, -0.26918885158921685, 1.8736041033008627e-16, 0.985913871235784, 0.17756984127733846, 0.009833242747371218, 0, 0, 0, 1], "fov": 50, "aspect": 1.857943925233645}, {"camera_to_world": [0.23222411010807206, 0.16351938279019096, -0.9573636916321312, -0.6674109957641834, -0.9726623066020982, 0.039040418134973276, -0.22857155030065265, -0.2853996489467165, 2.1511381018999684e-16, 0.985767344358577, 0.17666297953349985, 0.009833242747371216, 0, 0, 0, 1], "fov": 50, "aspect": 1.857943925233645}, {"camera_to_world": [0.2908864562032067, 0.16155634844820638, -0.9418419301811763, -0.653342432552735, -0.9567575814162853, 0.04911855896418768, -0.2863515969932893, -0.30427825444561896, 2.359284006124984e-16, 0.9856403570478248, 0.17588786613063706, 0.009833242747371214, 0, 0, 0, 1], "fov": 50, "aspect": 1.857943925233645}, {"camera_to_world": [0.3522321139961482, 0.1586625831013943, -0.9214375553881806, -0.632700612874217, -0.9359126764126046, 0.05971289679728203, -0.3467843808824926, -0.32657932042758353, 2.220482812671294e-16, 0.9855255220843702, 0.17519539005407586, 0.009833242747371214, 0, 0, 0, 1], "fov": 50, "aspect": 1.857943925233645}, {"camera_to_world": [0.4164537069642186, 0.15474257575478448, -0.8952079815307804, -0.604697557605687, -0.9091569226243403, 0.07088228411906318, -0.41006417389013683, -0.3530574992342693, 2.220467156105966e-16, 0.9854087664755368, 0.17449940714909445, 0.009833242747371213, 0, 0, 0, 1], "fov": 50, "aspect": 1.857943925233645}, {"camera_to_world": [0.4834862203713033, 0.14969986737593116, -0.8620497948349479, -0.5685452876242021, -0.8753519719010586, 0.0826842520391962, -0.4761389823243766, -0.3844674432073355, 1.9428973495158006e-16, 0.985268117911235, 0.1736715887418871, 0.009833242747371213, 0, 0, 0, 1], "fov": 50, "aspect": 1.857943925233645}, {"camera_to_world": [0.5528868470678799, 0.14343727045462767, -0.8207598326411741, -0.5234558238068205, -0.833256343713829, 0.0951742891751907, -0.5445950930855282, -0.4215638046884409, 1.8041125620721593e-16, 0.985072385220763, 0.17253834851996475, 0.009833242747371213, 0, 0, 0, 1], "fov": 50, "aspect": 1.857943925233645}, {"camera_to_world": [0.6189584547656801, 0.13662667169792356, -0.7738906580670761, -0.4733238523500448, -0.7854237272161323, 0.1076695682388698, -0.6098697419959408, -0.46218251832417306, 1.6653433950714458e-16, 0.9847539878853009, 0.17073999869483558, 0.009833242747371213, 0, 0, 0, 1], "fov": 50, "aspect": 1.857943925233645}, {"camera_to_world": [0.6737988186879806, 0.13047150471185412, -0.7283871480373694, -0.425561731093264, -0.7389148475532763, 0.11897385204585732, -0.6641988606944328, -0.5015726398500348, 1.3878288761089006e-16, 0.9842877673666351, 0.16820236629193117, 0.009833242747371213, 0, 0, 0, 1], "fov": 50, "aspect": 1.857943925233645}, {"camera_to_world": [0.7187805220832453, 0.12488857927887495, -0.6856702228890188, -0.37997241573653645, -0.695237053869928, 0.12911779905375875, -0.7088897204798736, -0.5394368730659118, 9.715476928094889e-17, 0.9837334175137172, 0.16532304631021574, 0.009833242747371214, 0, 0, 0, 1], "fov": 50, "aspect": 1.857943925233645}, {"camera_to_world": [0.7555892363471501, 0.11977062331166713, -0.6463495642840688, -0.33623036084698066, -0.6550457281108935, 0.1381543149145832, -0.745558291173277, -0.5755556837033181, 6.940388132156058e-17, 0.983142097085674, 0.16240404924932633, 0.009833242747371216, 0, 0, 0, 1], "fov": 50, "aspect": 1.857943925233645}, {"camera_to_world": [0.785831310405428, 0.11500840845160604, -0.6105080773256722, -0.29401002099171264, -0.6184409038756151, 0.14613717778820398, -0.7757513440838368, -0.60970953749377, 5.553096269989518e-17, 0.9825563552557824, 0.15965506466201287, 0.009833242747371218, 0, 0, 0, 1], "fov": 50, "aspect": 1.857943925233645}, {"camera_to_world": [0.8109195155149663, 0.11049128131709615, -0.5778810430476004, -0.25298585073784857, -0.5851577046890626, 0.15312032225893418, -0.8008354187226385, -0.6416789001687834, 4.16548155990115e-17, 0.9820111219656458, 0.15721365146053168, 0.009833242747371218, 0, 0, 0, 1], "fov": 50, "aspect": 1.857943925233645}, {"camera_to_world": [0.832043912618675, 0.10610752178179653, -0.5479913523361469, -0.2128323046525067, -0.5547097686846758, 0.15915731534878277, -0.8219665392951689, -0.671244237459873, 1.388712645503699e-17, 0.9815345856322607, 0.15516599512755458, 0.00983324274737122, 0, 0, 0, 1], "fov": 50, "aspect": 1.857943925233645}, {"camera_to_world": [0.8501853983066697, 0.10174456433934649, -0.5202386322944293, -0.1732238373028024, -0.5264834171235874, 0.16430098298438972, -0.8401010828189687, -0.6981860150985557, 0, 0.9811489339635242, 0.15356411076425985, 0.009833242747371221, 0, 0, 0, 1], "fov": 50, "aspect": 1.857943925233645}, {"camera_to_world": [0.8661454121714279, 0.09728911426534663, -0.4939509849658183, -0.13383490325585412, -0.49979208174438644, 0.1686031512965207, -0.8560227244346631, -0.7222846988163454, 1.3890552964360252e-17, 0.9808709423865848, 0.1524385768194999, 0.009833242747371223, 0, 0, 0, 1], "fov": 50, "aspect": 1.857943925233645}, {"camera_to_world": [0.8805775142988898, 0.09262718658973498, -0.46840967401769024, -0.0943399570787771, -0.473902143180624, 0.1721144732038071, -0.8703717262212103, -0.7433207543447589, -1.3891432675008897e-17, 0.9807124004611373, 0.15180723132101281, 0.009833242747371225, 0, 0, 0, 1], "fov": 50, "aspect": 1.857943925233645}, {"camera_to_world": [0.8940138905686719, 0.08764409325604888, -0.4428552325700475, -0.054413453338689605, -0.44803924322571004, 0.17488431645647293, -0.8836697575377099, -0.761074647415311, -4.167483942909748e-17, 0.9806803703423851, 0.15168059400784925, 0.009833242747371226, 0, 0, 0, 1], "fov": 50, "aspect": 1.857943925233645}, {"camera_to_world": [0.9068834960903411, 0.0822244025371288, -0.4164810124869732, -0.01372984660270718, -0.4213814477631403, 0.17696069447918766, -0.8963369380982749, -0.7753268437595179, -4.167320990589532e-17, 0.980777273511604, 0.15206465611191497, 0.00983324274737123, 0, 0, 0, 1], "fov": 50, "aspect": 1.857943925233645}, {"camera_to_world": [0.9195198492674104, 0.0762518949765956, -0.3884182971646618, 0.02803640856205185, -0.3930435685814474, 0.178390225868062, -0.9086990924456327, -0.7858578091088945, -6.944924743462829e-17, 0.9810008031735855, 0.15296138668365883, 0.009833242747371232, 0, 0, 0, 1], "fov": 50, "aspect": 1.857943925233645}, {"camera_to_world": [0.932156376977996, 0.06960954195083839, -0.3577161671108395, 0.07121085758847143, -0.3620559195197012, 0.17921811225754714, -0.9209831640450532, -0.7924480091949568, -9.721647971500159e-17, 0.9813436604514423, 0.15436695026168146, 0.009833242747371233, 0, 0, 0, 1], "fov": 50, "aspect": 1.857943925233645}, {"camera_to_world": [0.944906256533656, 0.062179536473683815, -0.32331960842965046, 0.11611904590943561, -0.3273410551146194, 0.1794881275181739, -0.933297904713524, -0.7948779097492206, -9.720136878045062e-17, 0.9817931133003214, 0.1562672450075289, 0.009833242747371235, 0, 0, 0, 1], "fov": 50, "aspect": 1.857943925233645}, {"camera_to_world": [0.9577223590141041, 0.05384341112563279, -0.2840513265761305, 0.1630865189578258, -0.28769407891797094, 0.17924261394100596, -0.9455957786574528, -0.792927976503201, -1.249524928338772e-16, 0.9823303784501178, 0.15862996960078612, 0.009833242747371237, 0, 0, 0, 1], "fov": 50, "aspect": 1.857943925233645}, {"camera_to_world": [0.9703319109503532, 0.0444822849410229, -0.23860711630514822, 0.21243882216652693, -0.24177672053246937, 0.1785224832862446, -0.9576112150947743, -0.7863786751884134, -8.328862917035944e-17, 0.9829298292796584, 0.16139208398571347, 0.009833242747371237, 0, 0, 0, 1], "fov": 50, "aspect": 1.857943925233645}, {"camera_to_world": [0.9821415310135906, 0.03397728956836336, -0.18558236810148013, 0.26450150096842023, -0.18814359691012722, 0.1773672224003715, -0.9687714816219956, -0.7750104715363741, -1.1103722874461825e-16, 0.983558037032673, 0.16444148213200455, 0.009833242747371239, 0, 0, 0, 1], "fov": 50, "aspect": 1.857943925233645}, {"camera_to_world": [0.992114948969591, 0.022210234668670684, -0.12355863162699757, 0.31960010079639095, -0.12533127315664697, 0.1758149046117955, -0.9780828234159682, -0.7586038312785979, -8.674031016417719e-17, 0.9841726600512269, 0.16759252694888338, 0.009833242747371239, 0, 0, 0, 1], "fov": 50, "aspect": 1.857943925233645}, {"camera_to_world": [0.9986442751488155, 0.009064582653228462, -0.0512912184690456, 0.3780601670833201, -0.05205393080735442, 0.1739022093597745, -0.9840117911380243, -0.7369392201466012, -1.0408409611041982e-16, 0.9847212066981761, 0.17055792508499226, 0.00983324274737124, 0, 0, 0, 1], "fov": 50, "aspect": 1.857943925233645}, {"camera_to_world": [0.9994930469038197, -0.005468798542239245, 0.03135830291733006, 0.43980262567199063, 0.03183785782553508, 0.1716832252923096, -0.9844382715798625, -0.7100053910755788, 9.540985506498697e-18, 0.9851370272179065, 0.17291022609145415, 0.00983324274737124, 0, 0, 0, 1], "fov": 50, "aspect": 1.857943925233645}, {"camera_to_world": [0.9933270750533224, -0.019678455576996313, 0.11357063513712479, 0.4981459076649856, 0.1153313572538329, 0.1694868003403717, -0.9781623098774298, -0.6812027588291838, 3.122521343914558e-17, 0.9853359746281911, 0.1740695446360477, 0.00983324274737124, 0, 0, 0, 1], "fov": 50, "aspect": 1.857943925233645}, {"camera_to_world": [0.9811611520122863, -0.03295455891888374, 0.1902401276740326, 0.5507956033178215, 0.19319108101028712, 0.16736659282519858, -0.9661741207280634, -0.651703233455346, 4.857257019906319e-17, 0.9853438083494239, 0.1741156577046462, 0.009833242747371239, 0, 0, 0, 1], "fov": 50, "aspect": 1.857943925233645}, {"camera_to_world": [0.964363714057504, -0.04533710269435769, 0.2605753991800585, 0.5979777103855642, 0.2645800956406522, 0.16524847280393629, -0.9497670606582389, -0.6213852616977104, 8.326689408180774e-17, 0.9852093632092868, 0.17332914305090777, 0.009833242747371239, 0, 0, 0, 1], "fov": 50, "aspect": 1.857943925233645}, {"camera_to_world": [0.944220476209583, -0.05686908775923133, 0.324406772533606, 0.6399182266232769, 0.3293139722309826, 0.16305702658726712, -0.9301503825426721, -0.5901272902999244, 1.0408343481776993e-16, 0.9849763006986271, 0.17198985955587676, 0.009833242747371237, 0, 0, 0, 1], "fov": 50, "aspect": 1.857943925233645}, {"camera_to_world": [0.9217871321200428, -0.06759577179803555, 0.3820297792982597, 0.6768431497860262, 0.3876963799907172, 0.1607157452196068, -0.9083142191119438, -0.5578077660056328, 9.714531724799473e-17, 0.984683330250662, 0.17034825237842333, 0.009833242747371237, 0, 0, 0, 1], "fov": 50, "aspect": 1.857943925233645}, {"camera_to_world": [0.8978288722256224, -0.07756403591172294, 0.4340399073024422, 0.7089784776288759, 0.440344542600527, 0.15814714195530583, -0.8849742026388384, -0.5243051355584823, 1.3878193518247206e-16, 0.9843644151555121, 0.1686120385163525, 0.009833242747371235, 0, 0, 0, 1], "fov": 50, "aspect": 1.857943925233645}, {"camera_to_world": [0.8728195695074856, -0.0868218531364472, 0.48119400481192137, 0.7365502079068922, 0.4880430299520398, 0.15527280962468162, -0.8605707250256136, -0.48949784570211813, 1.249078134213567e-16, 0.9840489420802252, 0.1669441731895866, 0.009833242747371232, 0, 0, 0, 1], "fov": 50, "aspect": 1.857943925233645}, {"camera_to_world": [0.8469713990131729, -0.09541784411696964, 0.5243099778081417, 0.7597843383751394, 0.5316384572749311, 0.15201342908264684, -0.8352961478689241, -0.4532643431801872, 1.526711120159986e-16, 0.9837618372363326, 0.1654671947129171, 0.00983324274737123, 0, 0, 0, 1], "fov": 50, "aspect": 1.857943925233645}, {"camera_to_world": [0.8202732123694381, -0.10340090556151536, 0.5642018951242288, 0.7789068667886827, 0.5719719023423466, 0.1482887404425101, -0.8091301321677039, -0.41548307473633417, 1.387973742962131e-16, 0.9835236154699247, 0.16427005435106756, 0.009833242747371228, 0, 0, 0, 1], "fov": 50, "aspect": 1.857943925233645}, {"camera_to_world": [0.7925250119410006, -0.11081989785659742, 0.6016415974927707, 0.7941437909025871, 0.6098394095562512, 0.14401748967979586, -0.7818714349473008, -0.37603248711420634, 1.3880184588313873e-16, 0.9833503510475721, 0.16341495457820185, 0.009833242747371226, 0, 0, 0, 1], "fov": 50, "aspect": 1.857943925233645}, {"camera_to_world": [0.7633627826956717, -0.11772337911593411, 0.6373369553944733, 0.805721108471918, 0.645970016328251, 0.1391173645815342, -0.7531608271079359, -0.334791027057449, 8.328271401102462e-17, 0.9832535608282404, 0.16294285439562287, 0.009833242747371225, 0, 0, 0, 1], "fov": 50, "aspect": 1.857943925233645}, {"camera_to_world": [0.7322722508214664, -0.12415937383271275, 0.6719180319874901, 0.8138648172517402, 0.6810120047964378, 0.1335049360315476, -0.7224937683706207, -0.2916371413097077, 6.94024544073448e-17, 0.9832399920389125, 0.1628769871887319, 0.009833242747371223, 0, 0, 0, 1], "fov": 50, "aspect": 1.857943925233645}, {"camera_to_world": [0.6985926383741645, -0.1301751651057406, 0.7059238061447664, 0.8188009149971189, 0.7155196193043375, 0.12709562336030333, -0.6892238324719477, -0.24644927661462826, 8.32817463692718e-17, 0.9833113082398416, 0.16322404440145125, 0.009833242747371221, 0, 0, 0, 1], "fov": 50, "aspect": 1.857943925233645}, {"camera_to_world": [0.6615132440313778, -0.1358171000674234, 0.739783035868249, 0.8207553994631192, 0.7499334823643247, 0.11980370602640726, -0.6525595768757033, -0.19910587971585744, 6.93994370842748e-17, 0.9834636685468425, 0.16397273696977782, 0.00983324274737122, 0, 0, 0, 1], "fov": 50, "aspect": 1.857943925233645}, {"camera_to_world": [0.6200677261176495, -0.14113039864326762, 0.7737831934050854, 0.8199542684048058, 0.7845482872502416, 0.11154240828123274, -0.6115595343715371, -0.14948539735704136, 5.55174163271617e-17, 0.9836871970975404, 0.16508938646411267, 0.009833242747371216, 0, 0, 0, 1], "fov": 50, "aspect": 1.857943925233645}, {"camera_to_world": [0.5731342508757415, -0.14615895614308197, 0.8080215913537928, 0.8166235195772442, 0.8194614880963611, 0.10222408869078566, -0.5651331468032622, -0.09746627628182483, 2.775758410064744e-17, 0.9839653424945938, 0.16651016272386235, 0.009833242747371216, 0, 0, 0, 1], "fov": 50, "aspect": 1.857943925233645}, {"camera_to_world": [0.519455024832047, -0.150945130484726, 0.8423339038148723, 0.8109891507354989, 0.8544977923767489, 0.09176057235458503, -0.5120605141717105, -0.04292696323385389, 6.939153353303285e-17, 0.9842741309940579, 0.16812978412583837, 0.009833242747371214, 0, 0, 0, 1], "fov": 50, "aspect": 1.857943925233645}, {"camera_to_world": [0.4576963932650279, -0.15552950518449685, 0.876199347167269, 0.8032771596346355, 0.8891085488241494, 0.08006367013721954, -0.4510509785447454, 0.014254095043224585, 2.7755953519924035e-17, 0.9845813230714994, 0.16978727507525207, 0.009833242747371213, 0, 0, 0, 1], "fov": 50, "aspect": 1.857943925233645}, {"camera_to_world": [0.38657892447483216, -0.15995061976325878, 0.908632197760526, 0.793713544029719, 0.9222563283338759, 0.06704593577456953, -0.380868145831041, 0.07419845180576458, 4.857237658216138e-17, 0.984845491299758, 0.1712512326498737, 0.009833242747371213, 0, 0, 0, 1], "fov": 50, "aspect": 1.857943925233645}, {"camera_to_world": [0.30510930455433455, -0.16424466011676947, 0.9380898915675271, 0.7825243016758143, 0.9523173380099568, 0.05262171759857911, -0.30055102747969376, 0.13702766031012079, 3.4694470709346794e-17, 0.9850150488495607, 0.17221043876526704, 0.009833242747371213, 0, 0, 0, 1], "fov": 50, "aspect": 1.857943925233645}, {"camera_to_world": [0.21665660817635782, -0.16831647521975504, 0.9616532267290202, 0.7702141701654623, 0.9762478753541624, 0.037354116246432464, -0.2134176489443063, 0.20011226241966204, 1.387778795702198e-17, 0.9850249916469356, 0.17226717226665264, 0.009833242747371213, 0, 0, 0, 1], "fov": 50, "aspect": 1.857943925233645}, {"camera_to_world": [0.13244402999264585, -0.1718141014802186, 0.9765321953028786, 0.757556879870162, 0.9911904856884509, 0.02295800084662846, -0.13048537211658762, 0.25618676269316815, 3.4694540897412386e-17, 0.9848618404272099, 0.17134304538129333, 0.009833242747371213, 0, 0, 0, 1], "fov": 50, "aspect": 1.857943925233645}, {"camera_to_world": [0.05418843597269119, -0.17469117147134225, 0.9840362671585499, 0.7443767706193225, 0.9985307273223162, 0.009480170315493556, -0.053401848134128425, 0.3053468955963907, 3.469494945281515e-17, 0.9845776358321163, 0.16976709790924346, 0.009833242747371214, 0, 0, 0, 1], "fov": 50, "aspect": 1.857943925233645}, {"camera_to_world": [-0.017740503576883025, -0.17692110768456176, 0.9856586447116094, 0.7304474286090509, 0.9998426248829556, -0.003139163569938374, 0.017488833019235338, 0.3481342724942726, 6.071791624742825e-17, 0.984220029926108, 0.16784271454221278, 0.009833242747371214, 0, 0, 0, 1], "fov": 50, "aspect": 1.857943925233645}, {"camera_to_world": [-0.08354138790564959, -0.17847700813736367, 0.9827094082011802, 0.7155424400354539, 0.9965043083232494, -0.014962521330320949, 0.0823849000785607, 0.3850905047517543, 6.419060863953307e-17, 0.9838303108370747, 0.16581600426958712, 0.009833242747371216, 0, 0, 0, 1], "fov": 50, "aspect": 1.857943925233645}, {"camera_to_world": [-0.1437767116705034, -0.17933136616741174, 0.9762319154693856, 0.6994353910946378, 0.9896101541421333, -0.026054375067807074, 0.14183303803673977, 0.41675720373377767, 8.674961624331606e-17, 0.9834436591123845, 0.16387384336813157, 0.009833242747371216, 0, 0, 0, 1], "fov": 50, "aspect": 1.857943925233645}, {"camera_to_world": [-0.19920961957854774, -0.17945582856247713, 0.9669880876644364, 0.6818998679827111, 0.9799569008213425, -0.03648050981540236, 0.19657326655811677, 0.443675980805281, 1.1104748094301015e-16, 0.9830894048857222, 0.16215113070758264, 0.009833242747371216, 0, 0, 0, 1], "fov": 50, "aspect": 1.857943925233645}, {"camera_to_world": [-0.2506908151021526, -0.17882099157091014, 0.9554790214824392, 0.6627094568957803, 0.9680672059435846, -0.04630750825878011, 0.24743097714478174, 0.46638844733120594, 1.1799616133938876e-16, 0.9827912635206215, 0.16074125499117786, 0.009833242747371218, 0, 0, 0, 1], "fov": 50, "aspect": 1.857943925233645}, {"camera_to_world": [-0.29908844693506575, -0.1773962349621047, 0.9419775097603533, 0.6416377440299521, 0.9542253931383141, -0.05560233964477348, 0.2952495212010645, 0.48543621467649345, 1.3882699225104746e-16, 0.9825675323596322, 0.1597062658013941, 0.009833242747371221, 0, 0, 0, 1], "fov": 50, "aspect": 1.857943925233645}, {"camera_to_world": [-0.34524878814529053, -0.17514959537207916, 0.926559138313449, 0.6184583155813337, 0.9385112009369989, -0.06443203393414564, 0.34085199977185665, 0.501360894206084, 1.7354018491401404e-16, 0.9824312353768615, 0.1590851264555082, 0.009833242747371221, 0, 0, 0, 1], "fov": 50, "aspect": 1.857943925233645}, {"camera_to_world": [-0.3899759815210226, -0.17204768161389744, 0.9091257271422749, 0.5929447577460312, 0.9208250288934999, -0.07286342290936597, 0.3850212436062343, 0.5147040972849186, 1.8048386551545492e-16, 0.9823902060043218, 0.15889950981654552, 0.009833242747371225, 0, 0, 0, 1], "fov": 50, "aspect": 1.857943925233645}, {"camera_to_world": [-0.4340212506583465, -0.16805563641043833, 0.889419073580618, 0.5648706567201536, 0.9009026329060009, -0.08096293076618574, 0.4284889005481742, 0.526007435277937, 2.0824730476043556e-16, 0.982447101330363, 0.15915707228399356, 0.009833242747371225, 0, 0, 0, 1], "fov": 50, "aspect": 1.857943925233645}, {"camera_to_world": [-0.4780739172102969, -0.16313715108207857, 0.867025251345073, 0.5340095986998067, 0.8783196056579873, -0.08879639752765241, 0.4719263415738736, 0.5358125195500804, 2.0823873110538004e-16, 0.9825993434370565, 0.15985224946403623, 0.009833242747371226, 0, 0, 0, 1], "fov": 50, "aspect": 1.857943925233645}, {"camera_to_world": [-0.5227476665955243, -0.15725454205935807, 0.8413711894266712, 0.5001351698810979, 0.8524874644643958, -0.09642891930935912, 0.5159311360546844, 0.5446609614662894, 2.2210782570886757e-16, 0.9828389860615679, 0.16096454408369334, 0.009833242747371228, 0, 0, 0, 1], "fov": 50, "aspect": 1.857943925233645}, {"camera_to_world": [-0.5685557315814017, -0.15036890064553113, 0.8117168109252066, 0.46302095646013247, 0.8226447471940346, -0.10392468997732054, 0.5610030901511964, 0.5530943723915049, 2.22091924997865e-16, 0.9831525072600751, 0.1624541526161183, 0.00983324274737123, 0, 0, 0, 1], "fov": 50, "aspect": 1.857943925233645}, {"camera_to_world": [-0.6158683757864358, -0.14244033015669905, 0.7771484619620691, 0.4224405446330204, 0.7878490614998394, -0.11134682906531337, 0.6075036252532287, 0.561654363690667, 2.359556653810451e-16, 0.9835205315609586, 0.16425472101031124, 0.009833242747371233, 0, 0, 0, 1], "fov": 50, "aspect": 1.857943925233645}, {"camera_to_world": [-0.6648461241303677, -0.13342828730702, 0.736583429812621, 0.37816752059586733, 0.7469803419293092, -0.11875718099395531, 0.6555924044061633, 0.5708825467287164, 2.0818320750083745e-16, 0.9839174884657169, 0.16626319559788738, 0.009833242747371233, 0, 0, 0, 1], "fov": 50, "aspect": 1.857943925233645}, {"camera_to_world": [-0.7153443521995746, -0.1232920473103071, 0.6888014277640876, 0.32997547054478027, 0.6987721071824283, -0.12621607074468666, 0.7051372057834677, 0.581320532870594, 2.0817387906390987e-16, 0.9843112183429616, 0.16832740160187132, 0.009833242747371237, 0, 0, 0, 1], "fov": 50, "aspect": 1.857943925233645}, {"camera_to_world": [-0.7667921512246059, -0.11199131437843783, 0.6325262075173117, 0.27763798067586637, 0.6418954718802287, -0.13378200132674706, 0.7555998641763905, 0.5935099334812403, 2.0816874214714295e-16, 0.9846625420035028, 0.17023349276915842, 0.009833242747371237, 0, 0, 0, 1], "fov": 50, "aspect": 1.857943925233645}, {"camera_to_world": [-0.8180648353860608, -0.09948700074194725, 0.5665851702559278, 0.22092863718523054, 0.5751260080232656, -0.1415112788321716, 0.80591626456032, 0.6079923599255964, 1.2490019653204773e-16, 0.9849248167482914, 0.1716980470570403, 0.009833242747371239, 0, 0, 0, 1], "fov": 50, "aspect": 1.857943925233645}, {"camera_to_world": [-0.8673155048294597, -0.08577558555800407, 0.4903066885968458, 0.15971514948516133, 0.49775879186886035, -0.14943096392430064, 0.8543355450830594, 0.625253343222283, -1.4130546990043683e-05, 0.9850446365230542, 0.17236625982142684, 0.009821877904004803, 0, 0, 0, 1], "fov": 50, "aspect": 1.857943925233645}, {"camera_to_world": [-0.9082149513480886, -0.07282069066994433, 0.41215846562382924, 0.09951279802410842, 0.41850311959893677, -0.15600567256694955, 0.8947991440752764, 0.6422945275718055, -0.0008608331701924107, 0.9850682093831299, 0.17163883877713615, 0.009141497316172111, 0, 0, 0, 1], "fov": 50, "aspect": 1.857943925233645}, {"camera_to_world": [-0.9392578644898142, -0.06162774233797829, 0.337772591118404, 0.043484322607159745, 0.34320041944458207, -0.16047305074787763, 0.9258131385049824, 0.657158646902075, -0.00285238270516928, 0.9851144204395715, 0.16964583478739992, 0.0075264974417009, 0, 0, 0, 1], "fov": 50, "aspect": 1.857943925233645}, {"camera_to_world": [-0.9622690506006641, -0.051965855393264496, 0.26731247494500315, -0.008595872581143383, 0.2720393290160125, -0.16304924930434606, 0.9490646312382697, 0.6698403529615891, -0.005733910063315612, 0.9852484418533913, 0.16679438381235756, 0.0051404366557528045, 0, 0, 0, 1], "fov": 50, "aspect": 1.857943925233645}, {"camera_to_world": [-0.9787743867006236, -0.04359583700226096, 0.20051094347574286, -0.05695338335625408, 0.20473237789245527, -0.16394922304662302, 0.9659668350971294, 0.6803342974988427, -0.009238689372354898, 0.9855049747507524, 0.16341185709397812, 0.0021468733334897502, 0, 0, 0, 1], "fov": 50, "aspect": 1.857943925233645}, {"camera_to_world": [-0.9899627615786475, -0.03627383327483043, 0.136851308057795, -0.10181380553363119, 0.14071972608971683, -0.16338526458774294, 0.9776242179584901, 0.6886351322623335, -0.013103029299103676, 0.9858952603269494, 0.15975796676197712, -0.0012906341499266025, 0, 0, 0, 1], "fov": 50, "aspect": 1.857943925233645}, {"camera_to_world": [-0.9967036570576082, -0.029753659409387474, 0.07569498296933139, -0.1434027349287316, 0.07931151550821848, -0.16156646267141908, 0.9848459482781778, 0.6947375090005581, -0.017073474039554264, 0.9864131983563456, 0.1560407886205695, -0.005008527419334513, 0, 0, 0, 1], "fov": 50, "aspect": 1.857943925233645}, {"camera_to_world": [-0.9995856516584551, -0.023788185386733083, 0.016366722757395962, -0.18194576735701223, 0.019781150856243913, -0.1586987016947274, 0.9881784236117928, 0.6986360794620131, -0.020910071002847752, 0.9870404471532128, 0.15243206189740702, -0.008843248099572239, 0, 0, 0, 1], "fov": 50, "aspect": 1.857943925233645}, {"camera_to_world": [-0.9989580886248781, -0.018130059672462128, -0.04178814309494072, -0.21766849863393123, -0.03857393297918606, -0.15498493452000112, 0.987941769349515, 0.700325495395195, -0.02438829361492559, 0.9877504598875688, 0.1490798828522016, -0.012631237815478173, 0, 0, 0, 1], "fov": 50, "aspect": 1.857943925233645}, {"camera_to_world": [-0.9949691904068607, -0.012531972603722503, -0.09936192253943965, -0.2507965245749428, -0.09638956657613673, -0.15062555749155923, 0.9842645262633591, 0.6998004085486005, -0.02730131125753026, 0.9885114521810139, 0.14611827636826136, -0.016208938191890305, 0, 0, 0, 1], "fov": 50, "aspect": 1.857943925233645}, {"camera_to_world": [-0.9876003154167714, -0.006746596854081862, -0.15684894830067087, -0.2815554409955052, -0.15419956200838617, -0.14581879245629556, 0.9771163136424906, 0.6970554706707264, -0.029463741532865892, 0.9892883114630823, 0.14367364765566243, -0.019412790853647024, 0, 0, 0, 1], "fov": 50, "aspect": 1.857943925233645}, {"camera_to_world": [-0.9766996456882397, -0.0005262979329473855, -0.2146103453489821, -0.3101708437110755, -0.21240109824088488, -0.14076103579979118, 0.9663414561122435, 0.6920853335100691, -0.030717675343894496, 0.9900434605667853, 0.14186821302906316, -0.022079237425586602, 0, 0, 0, 1], "fov": 50, "aspect": 1.857943925233645}, {"camera_to_world": [-0.9620205241692238, 0.006377315730812636, -0.27283697834361237, -0.33686832853711124, -0.27121787878618153, -0.13564717023673853, 0.9516982612541921, 0.6848846488151251, -0.030941449608832994, 0.9907366830045382, 0.14082046290960218, -0.024044719532547332, 0, 0, 0, 1], "fov": 50, "aspect": 1.857943925233645}, {"camera_to_world": [-0.9432702353231494, 0.014213935543466666, -0.33151237933147665, -0.3618734912890675, -0.3306623499542884, -0.13067085261720238, 0.9329089840394588, 0.6754480683343916, -0.030061162254945414, 0.991323908877749, 0.1406427027913203, -0.02514567879936736, 0, 0, 0, 1], "fov": 50, "aspect": 1.857943925233645}, {"camera_to_world": [-0.9201738094689786, 0.023235100846840485, -0.39038191419538737, -0.3854119277824023, -0.39050296529332296, -0.1260247913459655, 0.9097240540613303, 0.6637702438163651, -0.02806411346309359, 0.9917549506076807, 0.14143587427298265, -0.025218556850885004, 0, 0, 0, 1], "fov": 50, "aspect": 1.857943925233645}, {"camera_to_world": [-0.8925536070443054, 0.03369462208404443, -0.44893865180382136, -0.40770923383257207, -0.4502470990829834, -0.12190101074652704, 0.8820001613248446, 0.6498458270095421, -0.025012163432174935, 0.991970168917185, 0.14328224711915782, -0.02409979531193851, 0, 0, 0, 1], "fov": 50, "aspect": 1.857943925233645}, {"camera_to_world": [-0.8604185506720355, 0.04584868137845916, -0.5064385547229749, -0.4289910052550344, -0.5091529699265063, -0.1184910668893113, 0.8497850804762377, 0.6336694696624193, -0.021051624033599642, 0.991896045704029, 0.1462371611120057, -0.021625835807366198, 0, 0, 0, 1], "fov": 50, "aspect": 1.857943925233645}, {"camera_to_world": [-0.8240480063879012, 0.059955318724036956, -0.5619551768283353, -0.4494828378652465, -0.5662821029542894, -0.1159861295578896, 0.8133939997699251, 0.6152358235234926, -0.01641532947561587, 0.9914396489483762, 0.15032158984695887, -0.01763311996200609, 0, 0, 0, 1], "fov": 50, "aspect": 1.857943925233645}, {"camera_to_world": [-0.7840480178449494, 0.07627288938741301, -0.6144752617899464, -0.46941032747866357, -0.6205952410417486, -0.11457677734575225, 0.7734561677288945, 0.5945395403412601, -0.011412822163685402, 0.9904820081342, 0.15551755286882865, -0.011958089400696759, 0, 0, 0, 1], "fov": 50, "aspect": 1.