{
    "fl_x": 1186.560225221131,
    "fl_y": 1177.4596317165617,
    "k1": 0.005251467378041481,
    "k2": -0.001619660176589263,
    "p1": -0.0013994925610343698,
    "p2": 0.001509920361161703,
    "cx": 960.0,
    "cy": 540.0,
    "w": 1920,
    "h": 1080,
    "frames": [
        {
            "file_path": "./images/frame_00001.png",
            "transform_matrix": [
                [
                    0.015685188869006515,
                    -0.984908569711702,
                    -0.17236323319836122,
                    -1.687536103726239
                ],
                [
                    0.9988728152239131,
                    0.02315869924629445,
                    -0.04143396741652628,
                    0.29227746516842856
                ],
                [
                    0.044800377864451936,
                    -0.17151904838142246,
                    0.9841616443377244,
                    6.74927677823165
                ],
                [
                    0.0,
                    0.0,
                    0.0,
                    1.0
                ]
            ]
        },
        {
            "file_path": "./images/frame_00004.png",
            "transform_matrix": [
                [
                    0.03079126811793636,
                    -0.9987370879060588,
                    -0.03970046660449851,
                    -1.6838615522471323
                ],
                [
                    0.9990858578216476,
                    0.0319318128214178,
                    -0.02842196387866917,
                    0.2860187130402589
                ],
                [
                    0.029653777305291028,
                    -0.038789026423248656,
                    0.9988073212189951,
                    6.662898755611129
                ],
                [
                    0.0,
                    0.0,
                    0.0,
                    1.0
                ]
            ]
        },
        {
            "file_path": "./images/frame_00005.png",
            "transform_matrix": [
                [
                    0.03373258344077091,
                    -0.9992652940435497,
                    -0.018192991355731016,
                    -1.6757585650571776
                ],
                [
                    0.9991573605474748,
                    0.034143622401772426,
                    -0.022776784520397057,
                    0.2842416648628663
                ],
                [
                    0.02338122490834992,
                    -0.017409341439108477,
                    0.9995750262748874,
                    6.630098121383308
                ],
                [
                    0.0,
                    0.0,
                    0.0,
                    1.0
                ]
            ]
        },
        {
            "file_path": "./images/frame_00003.png",
            "transform_matrix": [
                [
                    0.027149166359754277,
                    -0.9961590739589251,
                    -0.08324675450290597,
                    -1.683104765279979
                ],
                [
                    0.9990030078761007,
                    0.029990200312302137,
                    -0.03306929300320406,
                    0.2873509641895251
                ],
                [
                    0.03543886313743931,
                    -0.08226595440718294,
                    0.9959801201454782,
                    6.694225572805437
                ],
                [
                    0.0,
                    0.0,
                    0.0,
                    1.0
                ]
            ]
        },
        {
            "file_path": "./images/frame_00002.png",
            "transform_matrix": [
                [
                    0.021908987026104453,
                    -0.9910042778073308,
                    -0.13202468577906365,
                    -1.6842477811976728
                ],
                [
                    0.9989007495370757,
                    0.02717220309771129,
                    -0.03819638664958962,
                    0.2903732804938955
                ],
                [
                    0.041440184142426374,
                    -0.13104271344255364,
                    0.9905102313413296,
                    6.725123058576543
                ],
                [
                    0.0,
                    0.0,
                    0.0,
                    1.0
                ]
            ]
        },
        {
            "file_path": "./images/frame_00006.png",
            "transform_matrix": [
                [
                    0.03792646582291912,
                    -0.9992239645926667,
                    -0.010632580773085373,
                    -1.665015732668259
                ],
                [
                    0.9991232110794588,
                    0.038107147267093446,
                    -0.017339388957955275,
                    0.28265915711119827
                ],
                [
                    0.017731110299531606,
                    -0.00996563650136258,
                    0.9997931255098069,
                    6.600260442882384
                ],
                [
                    0.0,
                    0.0,
                    0.0,
                    1.0
                ]
            ]
        },
        {
            "file_path": "./images/frame_00007.png",
            "transform_matrix": [
                [
                    0.040632198787261806,
                    -0.9990235451585996,
                    -0.017348793631150085,
                    -1.6441972591930423
                ],
                [
                    0.9991140644948268,
                    0.04081407800108807,
                    -0.010261440715051098,
                    0.27469785921068474
                ],
                [
                    0.010959495898071681,
                    -0.016916478819922667,
                    0.9997968404600984,
                    6.547539144855435
                ],
                [
                    0.0,
                    0.0,
                    0.0,
                    1.0
                ]
            ]
        },
        {
            "file_path": "./images/frame_00008.png",
            "transform_matrix": [
                [
                    0.04063751935934816,
                    -0.9983755043490569,
                    -0.03993675420067477,
                    -1.6313778557688405
                ],
                [
                    0.9991584834221836,
                    0.04082684472649771,
                    -0.003936210761694376,
                    0.26516400203791396
                ],
                [
                    0.0055603080670620616,
                    -0.0397431889189199,
                    0.9991944565042153,
                    6.488720258997378
                ],
                [
                    0.0,
                    0.0,
                    0.0,
                    1.0
                ]
            ]
        },
        {
            "file_path": "./images/frame_00009.png",
            "transform_matrix": [
                [
                    0.0408592639127181,
                    -0.9974907852477927,
                    -0.057815689032066374,
                    -1.620818798394537
                ],
                [
                    0.9991616009358255,
                    0.04093962521018782,
                    -0.00020567694978376524,
                    0.2629573491415596
                ],
                [
                    0.002572113502388742,
                    -0.05775881260371531,
                    0.998327252857869,
                    6.451300132202715
                ],
                [
                    0.0,
                    0.0,
                    0.0,
                    1.0
                ]
            ]
        },
        {
            "file_path": "./images/frame_00010.png",
            "transform_matrix": [
                [
                    0.041805555669070925,
                    -0.9961830497844139,
                    -0.07662654133800009,
                    -1.6025469105632117
                ],
                [
                    0.999125758644232,
                    0.04167336654436912,
                    0.0033239937494668075,
                    0.2636469504414542
                ],
                [
                    -0.00011802028660244184,
                    -0.07669851265234993,
                    0.9970543236093654,
                    6.402142587017934
                ],
                [
                    0.0,
                    0.0,
                    0.0,
                    1.0
                ]
            ]
        },
        {
            "file_path": "./images/frame_00011.png",
            "transform_matrix": [
                [
                    0.04277173966535874,
                    -0.9948272500212082,
                    -0.09213751082615265,
                    -1.5842363352188378
                ],
                [
                    0.9990820770879286,
                    0.042371271765879855,
                    0.006299092840421133,
                    0.27006926400558656
                ],
                [
                    -0.0023625256970178253,
                    -0.09232235885300252,
                    0.9957263683001211,
                    6.347796874038715
                ],
                [
                    0.0,
                    0.0,
                    0.0,
                    1.0
                ]
            ]
        },
        {
            "file_path": "./images/frame_00013.png",
            "transform_matrix": [
                [
                    0.0443470694087915,
                    -0.9923133976786319,
                    -0.11553120021163608,
                    -1.5622435429483243
                ],
                [
                    0.9990150543419741,
                    0.04387550679143087,
                    0.006622771466520355,
                    0.28693859228548824
                ],
                [
                    -0.0015028748964841109,
                    -0.11571110876352543,
                    0.9932817730512129,
                    6.2314124418965955
                ],
                [
                    0.0,
                    0.0,
                    0.0,
                    1.0
                ]
            ]
        },
        {
            "file_path": "./images/frame_00012.png",
            "transform_matrix": [
                [
                    0.04336124963737824,
                    -0.9934515776654157,
                    -0.1057060304049924,
                    -1.5752941389089998
                ],
                [
                    0.9990515499521296,
                    0.04269651578845632,
                    0.008544476448176472,
                    0.28020958636761767
                ],
                [
                    -0.003975244411644102,
                    -0.10597627269168468,
                    0.9943607127487718,
                    6.28901000324911
                ],
                [
                    0.0,
                    0.0,
                    0.0,
                    1.0
                ]
            ]
        },
        {
            "file_path": "./images/frame_00015.png",
            "transform_matrix": [
                [
                    0.042437322701639725,
                    -0.9940905668451752,
                    -0.0999150566799376,
                    -1.5296428289349397
                ],
                [
                    0.9990656697535246,
                    0.04304163300706023,
                    -0.0038994035475395494,
                    0.2838757047694639
                ],
                [
                    0.008176867484429175,
                    -0.09965622277371239,
                    0.9949883296303622,
                    6.11210151265067
                ],
                [
                    0.0,
                    0.0,
                    0.0,
                    1.0
                ]
            ]
        },
        {
            "file_path": "./images/frame_00014.png",
            "transform_matrix": [
                [
                    0.04331630036134711,
                    -0.9925106996430724,
                    -0.11422000357653961,
                    -1.5404522783350785
                ],
                [
                    0.9990567855072364,
                    0.043379885695865796,
                    0.0019299867775384551,
                    0.28752432978754155
                ],
                [
                    0.0030393181724550997,
                    -0.11419586950075199,
                    0.993453605325389,
                    6.17353004539
                ],
                [
                    0.0,
                    0.0,
                    0.0,
                    1.0
                ]
            ]
        },
        {
            "file_path": "./images/frame_00016.png",
            "transform_matrix": [
                [
                    0.041654060671253164,
                    -0.9959139752732286,
                    -0.08012673140139139,
                    -1.5249508646504877
                ],
                [
                    0.9990318687577434,
                    0.042651614448298944,
                    -0.010777986424403228,
                    0.2792452547858113
                ],
                [
                    0.014151481760102863,
                    -0.07960021130894578,
                    0.9967264127751229,
                    6.053357222706826
                ],
                [
                    0.0,
                    0.0,
                    0.0,
                    1.0
                ]
            ]
        },
        {
            "file_path": "./images/frame_00017.png",
            "transform_matrix": [
                [
                    0.04046710704170909,
                    -0.9975306025063261,
                    -0.05740305140879393,
                    -1.5126218231387132
                ],
                [
                    0.9989912638850003,
                    0.0415117603655872,
                    -0.01712391406191499,
                    0.2776195741166624
                ],
                [
                    0.01946453002578395,
                    -0.056652191614410145,
                    0.9982042182119647,
                    5.99647061856174
                ],
                [
                    0.0,
                    0.0,
                    0.0,
                    1.0
                ]
            ]
        },
        {
            "file_path": "./images/frame_00018.png",
            "transform_matrix": [
                [
                    0.03780024416099356,
                    -0.9987455837810774,
                    -0.03283900758494239,
                    -1.4940152868273953
                ],
                [
                    0.9990183007360638,
                    0.038529375169138735,
                    -0.021861428212790728,
                    0.27618561769951605
                ],
                [
                    0.02309927132609423,
                    -0.03198040223121634,
                    0.9992215357653841,
                    5.937825250790859
                ],
                [
                    0.0,
                    0.0,
                    0.0,
                    1.0
                ]
            ]
        },
        {
            "file_path": "./images/frame_00019.png",
            "transform_matrix": [
                [
                    0.034494248282651296,
                    -0.9993110120805901,
                    -0.013698465968179231,
                    -1.4839701321172813
                ],
                [
                    0.9991174267542466,
                    0.0348098169473538,
                    -0.023508385739220518,
                    0.2772753703226398
                ],
                [
                    0.023969029838253247,
                    -0.012875471974194844,
                    0.999629785385597,
                    5.875661797253247
                ],
                [
                    0.0,
                    0.0,
                    0.0,
                    1.0
                ]
            ]
        },
        {
            "file_path": "./images/frame_00020.png",
            "transform_matrix": [
                [
                    0.03172048267576279,
                    -0.9994930891447729,
                    0.0027158296440769666,
                    -1.4733360598674123
                ],
                [
                    0.9991981650023627,
                    0.031644473392109386,
                    -0.024528643656905266,
                    0.2761923811419905
                ],
                [
                    0.024430268822262086,
                    0.003491712412999546,
                    0.9996954385760178,
                    5.814331036438917
                ],
                [
                    0.0,
                    0.0,
                    0.0,
                    1.0
                ]
            ]
        },
        {
            "file_path": "./images/frame_00021.png",
            "transform_matrix": [
                [
                    0.02882133719735953,
                    -0.9994267882917058,
                    0.017760218666503194,
                    -1.4496661960731414
                ],
                [
                    0.9992783182457665,
                    0.028368167415630204,
                    -0.0252604386618856,
                    0.27362676325036955
                ],
                [
                    0.024742134226218397,
                    0.018475441061167806,
                    0.9995231287326607,
                    5.754890645404821
                ],
                [
                    0.0,
                    0.0,
                    0.0,
                    1.0
                ]
            ]
        },
        {
            "file_path": "./images/frame_00022.png",
            "transform_matrix": [
                [
                    0.02652060500585424,
                    -0.9991838198030427,
                    0.030468865320589046,
                    -1.4346132946366215
                ],
                [
                    0.9993442987768737,
                    0.025748631947091344,
                    -0.025455460219989474,
                    0.2678746454899105
                ],
                [
                    0.024650152378468137,
                    0.031123981054067645,
                    0.9992115230475799,
                    5.691883594247602
                ],
                [
                    0.0,
                    0.0,
                    0.0,
                    1.0
                ]
            ]
        },
        {
            "file_path": "./images/frame_00023.png",
            "transform_matrix": [
                [
                    0.02505195880558664,
                    -0.9988541005271652,
                    0.04077848967373639,
                    -1.425670724386371
                ],
                [
                    0.9993784949112634,
                    0.024011476530525294,
                    -0.02580838824339765,
                    0.2624196311961163
                ],
                [
                    0.024799662677163634,
                    0.04139969631400535,
                    0.998834842141686,
                    5.6305188945748395
                ],
                [
                    0.0,
                    0.0,
                    0.0,
                    1.0
                ]
            ]
        },
        {
            "file_path": "./images/frame_00024.png",
            "transform_matrix": [
                [
                    0.023628612052480638,
                    -0.9985475699917405,
                    0.04841940887766955,
                    -1.4080864400657314
                ],
                [
                    0.9994012944912785,
                    0.022368936194906732,
                    -0.02639475824221318,
                    0.2607420038824619
                ],
                [
                    0.02527333103550175,
                    0.04901409141356974,
                    0.9984782809762425,
                    5.571263519454249
                ],
                [
                    0.0,
                    0.0,
                    0.0,
                    1.0
                ]
            ]
        },
        {
            "file_path": "./images/frame_00025.png",
            "transform_matrix": [
                [
                    0.02068644243909577,
                    -0.9984885702359741,
                    0.05091803420532077,
                    -1.388956040097909
                ],
                [
                    0.9994459709296803,
                    0.019324395858939393,
                    -0.02709831945186259,
                    0.26111819951897886
                ],
                [
                    0.026073401995945326,
                    0.05145039195970468,
                    0.9983351315442879,
                    5.5220979782460855
                ],
                [
                    0.0,
                    0.0,
                    0.0,
                    1.0
                ]
            ]
        },
        {
            "file_path": "./images/frame_00026.png",
            "transform_matrix": [
                [
                    0.014184808811578608,
                    -0.9987797682239207,
                    0.047305029178198704,
                    -1.3733068531510024
                ],
                [
                    0.9994936987076628,
                    0.012815635962673596,
                    -0.02912225469547698,
                    0.2637612277180553
                ],
                [
                    0.028480474761755036,
                    0.047694172195809174,
                    0.9984558720824378,
                    5.441397734760543
                ],
                [
                    0.0,
                    0.0,
                    0.0,
                    1.0
                ]
            ]
        },
        {
            "file_path": "./images/frame_00027.png",
            "transform_matrix": [
                [
                    0.009645721786996691,
                    -0.9991340429540596,
                    0.04047374780623832,
                    -1.3612073332101104
                ],
                [
                    0.9994593290592299,
                    0.008360740304061243,
                    -0.0317985467913519,
                    0.26341485126875747
                ],
                [
                    0.03143262012116724,
                    0.04075858476251561,
                    0.9986744855860067,
                    5.375342062493462
                ],
                [
                    0.0,
                    0.0,
                    0.0,
                    1.0
                ]
            ]
        },
        {
            "file_path": "./images/frame_00028.png",
            "transform_matrix": [
                [
                    0.005419973859794449,
                    -0.9994320347447486,
                    0.03326006327911367,
                    -1.3365747959984176
                ],
                [
                    0.9993991094072469,
                    0.004275103598754244,
                    -0.03439685458325643,
                    0.26126001526030573
                ],
                [
                    0.034235128148743875,
                    0.03342650767267528,
                    0.9988546563867277,
                    5.312539450993331
                ],
                [
                    0.0,
                    0.0,
                    0.0,
                    1.0
                ]
            ]
        },
        {
            "file_path": "./images/frame_00029.png",
            "transform_matrix": [
                [
                    0.0013622810629706898,
                    -0.9996367280366526,
                    0.02691758069516524,
                    -1.3220944916047126
                ],
                [
                    0.9993543736111214,
                    0.0003945027837228836,
                    -0.03592603946828568,
                    0.25727888778461566
                ],
                [
                    0.03590236948487741,
                    0.026949143357978857,
                    0.9989918736094114,
                    5.247700707844715
                ],
                [
                    0.0,
                    0.0,
                    0.0,
                    1.0
                ]
            ]
        },
        {
            "file_path": "./images/frame_00030.png",
            "transform_matrix": [
                [
                    -0.0019038786657052337,
                    -0.9997796098384275,
                    0.020907103992365735,
                    -1.3119834147676177
                ],
                [
                    0.9992903629541274,
                    -0.0026886103328673944,
                    -0.037570492164546054,
                    0.2528282052659665
                ],
                [
                    0.03761842305353177,
                    0.020820737878358715,
                    0.9990752479774315,
                    5.185775449744717
                ],
                [
                    0.0,
                    0.0,
                    0.0,
                    1.0
                ]
            ]
        },
        {
            "file_path": "./images/frame_00031.png",
            "transform_matrix": [
                [
                    -0.0017070489993941864,
                    -0.9998175947366521,
                    0.019022703244526835,
                    -1.2865184555512927
                ],
                [
                    0.9991620396727741,
                    -0.002483225672356605,
                    -0.040854033671130545,
                    0.2513112986693188
                ],
                [
                    0.04089381934541437,
                    0.018937023136591815,
                    0.9989840262456997,
                    5.112118046025264
                ],
                [
                    0.0,
                    0.0,
                    0.0,
                    1.0
                ]
            ]
        },
        {
            "file_path": "./images/frame_00032.png",
            "transform_matrix": [
                [
                    0.0008129602094694099,
                    -0.9997584389912192,
                    0.021963669127415045,
                    -1.2687440416711142
                ],
                [
                    0.9990617961603964,
                    -0.00013901972541468624,
                    -0.043307137128638845,
                    0.25465615070214126
                ],
                [
                    0.043299729196157835,
                    0.02197826970797954,
                    0.9988203487675762,
                    5.061384612795453
                ],
                [
                    0.0,
                    0.0,
                    0.0,
                    1.0
                ]
            ]
        },
        {
            "file_path": "./images/frame_00033.png",
            "transform_matrix": [
                [
                    0.003918909052387777,
                    -0.9996032887783405,
                    0.027890988067205438,
                    -1.2602350477121378
                ],
                [
                    0.9988947702604022,
                    0.002606682363603726,
                    -0.04693019447513127,
                    0.258321364163845
                ],
                [
                    0.04683887379365005,
                    0.028044077281685703,
                    0.9985087128468941,
                    4.9926768689313885
                ],
                [
                    0.0,
                    0.0,
                    0.0,
                    1.0
                ]
            ]
        },
        {
            "file_path": "./images/frame_00034.png",
            "transform_matrix": [
                [
                    0.009079793043301898,
                    -0.9993268596344909,
                    0.03554412710079842,
                    -1.2491572572038
                ],
                [
                    0.998542462925719,
                    0.007170010171169418,
                    -0.053493370508729855,
                    0.2574644730118225
                ],
                [
                    0.05320251020891523,
                    0.035978028951184,
                    0.9979354058957213,
                    4.928653507949142
                ],
                [
                    0.0,
                    0.0,
                    0.0,
                    1.0
                ]
            ]
        },
        {
            "file_path": "./images/frame_00035.png",
            "transform_matrix": [
                [
                    0.014188418867175166,
                    -0.9989925871594257,
                    0.04257346087137676,
                    -1.2233716186051475
                ],
                [
                    0.9981266965789589,
                    0.011616240808388844,
                    -0.06006796588745717,
                    0.2529417913792056
                ],
                [
                    0.05951290907378654,
                    0.043345977321991275,
                    0.9972859870185566,
                    4.86441310599126
                ],
                [
                    0.0,
                    0.0,
                    0.0,
                    1.0
                ]
            ]
        },
        {
            "file_path": "./images/frame_00036.png",
            "transform_matrix": [
                [
                    0.016769823543987348,
                    -0.9988042833431017,
                    0.04592141759328631,
                    -1.2153789214107735
                ],
                [
                    0.9979159850299234,
                    0.013857426465173269,
                    -0.06302109609900476,
                    0.24681732215648264
                ],
                [
                    0.06230938805718769,
                    0.04688256933270374,
                    0.9969551468610326,
                    4.81013229456095
                ],
                [
                    0.0,
                    0.0,
                    0.0,
                    1.0
                ]
            ]
        },
        {
            "file_path": "./images/frame_00037.png",
            "transform_matrix": [
                [
                    0.0180081475339195,
                    -0.9984726008621073,
                    0.052231905479847025,
                    -1.201547977770594
                ],
                [
                    0.9976978102173919,
                    0.01452894016433388,
                    -0.06624190052468606,
                    0.23661231470210362
                ],
                [
                    0.06538184847354643,
                    0.05330455163830094,
                    0.9964355667401791,
                    4.731126360296086
                ],
                [
                    0.0,
                    0.0,
                    0.0,
                    1.0
                ]
            ]
        },
        {
            "file_path": "./images/frame_00038.png",
            "transform_matrix": [
                [
                    0.015504628480809628,
                    -0.9980937490946401,
                    0.059736709935163085,
                    -1.1753446106622367
                ],
                [
                    0.9977760329178135,
                    0.011570861378208199,
                    -0.0656437605698861,
                    0.23174645631453117
                ],
                [
                    0.06482742190201854,
                    0.06062163957838847,
                    0.9960534233585895,
                    4.655809797376366
                ],
                [
                    0.0,
                    0.0,
                    0.0,
                    1.0
                ]
            ]
        },
        {
            "file_path": "./images/frame_00040.png",
            "transform_matrix": [
                [
                    0.011828337866392123,
                    -0.9976199151480131,
                    0.0679308127685028,
                    -1.1535636895071901
                ],
                [
                    0.9980101400036683,
                    0.007570520195988639,
                    -0.06259750533224641,
                    0.23158937376220787
                ],
                [
                    0.06193424636803909,
                    0.06853606440431954,
                    0.9957243378580188,
                    4.527969792080298
                ],
                [
                    0.0,
                    0.0,
                    0.0,
                    1.0
                ]
            ]
        },
        {
            "file_path": "./images/frame_00039.png",
            "transform_matrix": [
                [
                    0.013676353297495067,
                    -0.9978913398934405,
                    0.06344943755586815,
                    -1.1645237332448144
                ],
                [
                    0.9978429679353535,
                    0.009546047941717522,
                    -0.06494832030668318,
                    0.23139887820683813
                ],
                [
                    0.06420567500188112,
                    0.06420083125916944,
                    0.995869411400503,
                    4.615039420914395
                ],
                [
                    0.0,
                    0.0,
                    0.0,
                    1.0
                ]
            ]
        },
        {
            "file_path": "./images/frame_00042.png",
            "transform_matrix": [
                [
                    0.015357664690570294,
                    -0.9978854734347874,
                    0.06315634602383492,
                    -1.1086731579129794
                ],
                [
                    0.9983775585129714,
                    0.011840219634592475,
                    -0.05569613861555173,
                    0.21772120733285688
                ],
                [
                    0.054830582642628856,
                    0.0639092411692939,
                    0.9964483007663945,
                    4.389885504631075
                ],
                [
                    0.0,
                    0.0,
                    0.0,
                    1.0
                ]
            ]
        },
        {
            "file_path": "./images/frame_00041.png",
            "transform_matrix": [
                [
                    0.013177089433760277,
                    -0.9976968808324804,
                    0.06653794625019628,
                    -1.1318904509460037
                ],
                [
                    0.9981804784548463,
                    0.009209354186145324,
                    -0.059589598313198607,
                    0.22701464588888842
                ],
                [
                    0.05883958485330192,
                    0.06720209648971863,
                    0.996002902346011,
                    4.4595021006494635
                ],
                [
                    0.0,
                    0.0,
                    0.0,
                    1.0
                ]
            ]
        },
        {
            "file_path": "./images/frame_00043.png",
            "transform_matrix": [
                [
                    0.01764550519088855,
                    -0.9980499419060557,
                    0.059874448706246294,
                    -1.0988644985802072
                ],
                [
                    0.9985351451935516,
                    0.014527314683739653,
                    -0.052120254617301506,
                    0.20955212501727205
                ],
                [
                    0.051148802135055536,
                    0.06070642955567554,
                    0.9968442854582408,
                    4.321555535053558
                ],
                [
                    0.0,
                    0.0,
                    0.0,
                    1.0
                ]
            ]
        },
        {
            "file_path": "./images/frame_00044.png",
            "transform_matrix": [
                [
                    0.020066001991282823,
                    -0.9981765188959353,
                    0.05692971709817505,
                    -1.0784102943810154
                ],
                [
                    0.9986804483489451,
                    0.01731872831333497,
                    -0.048346910295892075,
                    0.20814905457209537
                ],
                [
                    0.0472728003151493,
                    0.0578247245942538,
                    0.9972068910592039,
                    4.244315759648276
                ],
                [
                    0.0,
                    0.0,
                    0.0,
                    1.0
                ]
            ]
        },
        {
            "file_path": "./images/frame_00045.png",
            "transform_matrix": [
                [
                    0.02093466109810317,
                    -0.9983399358353218,
                    0.0536573618530858,
                    -1.0542815492626672
                ],
                [
                    0.9987387647559322,
                    0.018432934123988987,
                    -0.04670232021404593,
                    0.2116342867284605
                ],
                [
                    0.045635728749546293,
                    0.05456738454338913,
                    0.9974666815516152,
                    4.177386315688674
                ],
                [
                    0.0,
                    0.0,
                    0.0,
                    1.0
                ]
            ]
        },
        {
            "file_path": "./images/frame_00046.png",
            "transform_matrix": [
                [
                    0.019685361569963894,
                    -0.9986308242402641,
                    0.04846610585832818,
                    -1.0465898626198822
                ],
                [
                    0.9987294138126376,
                    0.017391821570827228,
                    -0.047297806798133,
                    0.2183058398035357
                ],
                [
                    0.04639013392225545,
                    0.049335599921956894,
                    0.9977043420046922,
                    4.106701648818624
                ],
                [
                    0.0,
                    0.0,
                    0.0,
                    1.0
                ]
            ]
        },
        {
            "file_path": "./images/frame_00047.png",
            "transform_matrix": [
                [
                    0.018638466433874564,
                    -0.9988726650170606,
                    0.043657836074505366,
                    -1.0359150688632182
                ],
