{
  "fl_x": 1145.7339616475,
  "fl_y": 1133.276111279302,
  "cx": 960.0,
  "cy": 540.0,
  "w": 1920,
  "h": 1080,
  "camera_model": "OPENCV",
  "k1": 0.0019709004215359618,
  "k2": -0.0010872567557673185,
  "p1": -0.0001527902433467012,
  "p2": -0.015874188962043703,
  "aabb_scale": 16,
  "frames": [
    {
      "file_path": "images/frame_00001.png",
      "transform_matrix": [
        [
          0.05356643108852519, -0.9802172127405205, -0.19053832503631205,
          -0.3582032974613132
        ],
        [
          -0.638688635047807, -0.18030976421363915, 0.7480409189275615,
          1.3198485495802421
        ],
        [
          -0.7675985050279911, 0.08162478040660734, -0.635712144214947,
          -2.0113748548519146
        ],
        [0.0, 0.0, 0.0, 1.0]
      ]
    },
    {
      "file_path": "images/frame_00004.png",
      "transform_matrix": [
        [
          0.08168080615099539, -0.9730672781309961, -0.21556511345126741,
          -0.30214408405565496
        ],
        [
          -0.6877929164263268, -0.21156435686623373, 0.694392847758057,
          1.056545587863556
        ],
        [
          -0.721296852911678, 0.09154559047005575, -0.6865495283263965,
          -2.156677314396608
        ],
        [0.0, 0.0, 0.0, 1.0]
      ]
    },
    {
      "file_path": "images/frame_00005.png",
      "transform_matrix": [
        [
          0.0849952663943324, -0.9739099730457049, -0.2104166559297771,
          -0.3245975825507495
        ],
        [
          -0.709738530197822, -0.2073971869472577, 0.6732441055063157,
          0.9460747226260641
        ],
        [
          -0.6993189711735207, 0.09211824601281753, -0.7088492119684767,
          -2.1796658413923984
        ],
        [0.0, 0.0, 0.0, 1.0]
      ]
    },
    {
      "file_path": "images/frame_00003.png",
      "transform_matrix": [
        [
          0.0734857891941282, -0.9736845690831737, -0.21572713949763112,
          -0.31255847870300535
        ],
        [
          -0.6584552654232211, -0.20983164209100058, 0.7227775213811161,
          1.1794307692728994
        ],
        [
          -0.7490236993733587, 0.08893279432643773, -0.6565473751911128,
          -2.131488981018958
        ],
        [0.0, 0.0, 0.0, 1.0]
      ]
    },
    {
      "file_path": "images/frame_00006.png",
      "transform_matrix": [
        [
          0.09735499723569313, -0.971950300127301, -0.21409021134953385,
          -0.30740146615187514
        ],
        [
          -0.76672680583199, -0.21039571268730173, 0.6065176413769638,
          0.7498550818663935
        ],
        [
          -0.6345486661651027, 0.10510118060827044, -0.7657034230711235,
          -2.2417323345089857
        ],
        [0.0, 0.0, 0.0, 1.0]
      ]
    },
    {
      "file_path": "images/frame_00002.png",
      "transform_matrix": [
        [
          0.05448577875417874, -0.9788447694392592, -0.19721616884767498,
          -0.33888992253716155
        ],
        [
          -0.6531894709934598, -0.18432773455573326, 0.7344159592879469,
          1.2518034128205873
        ],
        [
          -0.7552316299631755, 0.08880429952966865, -0.6494143372980075,
          -2.0877290702643174
        ],
        [0.0, 0.0, 0.0, 1.0]
      ]
    },
    {
      "file_path": "images/frame_00007.png",
      "transform_matrix": [
        [
          0.10669611271593253, -0.9689289302713789, -0.22314270683683626,
          -0.29908045303922964
        ],
        [
          -0.8152591179883283, -0.21372419447440263, 0.5382142131467361,
          0.6371544543005767
        ],
        [
          -0.5691823170726595, 0.12449376201010622, -0.8127316858301816,
          -2.2883855655185
        ],
        [0.0, 0.0, 0.0, 1.0]
      ]
    },
    {
      "file_path": "images/frame_00008.png",
      "transform_matrix": [
        [
          0.1212546571779919, -0.9646327619359999, -0.23405329032588265,
          -0.28261044714304134
        ],
        [
          -0.8752499964957541, -0.2151272560376325, 0.43319476837088033,
          0.4899686711167077
        ],
        [
          -0.46822510798421463, 0.15232825840743786, -0.8703800031846589,
          -2.3134234733250048
        ],
        [0.0, 0.0, 0.0, 1.0]
      ]
    },
    {
      "file_path": "images/frame_00009.png",
      "transform_matrix": [
        [
          0.13112045277539913, -0.9615993799638688, -0.24111005644119776,
          -0.28814639096211775
        ],
        [
          -0.9061397929857162, -0.21490619448645504, 0.3643158013854919,
          0.3183352435041252
        ],
        [
          -0.40214189340552114, 0.17071016379950327, -0.8995220606209551,
          -2.294057929922916
        ],
        [0.0, 0.0, 0.0, 1.0]
      ]
    },
    {
      "file_path": "images/frame_00012.png",
      "transform_matrix": [
        [
          0.16047742628918552, -0.9512261952670461, -0.263468633976378,
          -0.258920770133592
        ],
        [
          -0.9376283055750919, -0.23030972164630284, 0.26040467104025605,
          -0.18263995886155673
        ],
        [
          -0.3083831322170207, 0.20524657744523314, -0.9288561170660593,
          -2.290329426715717
        ],
        [0.0, 0.0, 0.0, 1.0]
      ]
    },
    {
      "file_path": "images/frame_00010.png",
      "transform_matrix": [
        [
          0.13512951284474833, -0.9606171068991747, -0.24280607218725123,
          -0.2885181956260814
        ],
        [
          -0.9143752733775313, -0.2152914943156098, 0.34288107546366003,
          0.1852452564153611
        ],
        [
          -0.38165150883247584, 0.1756825159428547, -0.9074567644785522,
          -2.282272133005353
        ],
        [0.0, 0.0, 0.0, 1.0]
      ]
    },
    {
      "file_path": "images/frame_00011.png",
      "transform_matrix": [
        [
          0.1437490990162379, -0.9576111423711112, -0.24963392505570098,
          -0.2630530750728977
        ],
        [
          -0.9234440198042382, -0.22049109353632015, 0.3140618091378614,
          0.015096786930553826
        ],
        [
          -0.3557911449429407, 0.1853768531339693, -0.9159956787574585,
          -2.288725352721848
        ],
        [0.0, 0.0, 0.0, 1.0]
      ]
    },
    {
      "file_path": "images/frame_00014.png",
      "transform_matrix": [
        [
          0.18321239262753483, -0.9490941364518728, -0.25622946618288794,
          -0.2253476296816758
        ],
        [
          -0.9775018356741177, -0.20358728258044084, 0.05515777030701322,
          -0.5295973456020231
        ],
        [
          -0.1045149771153566, 0.24035918647762441, -0.9650409737593479,
          -2.190197397225529
        ],
        [0.0, 0.0, 0.0, 1.0]
      ]
    },
    {
      "file_path": "images/frame_00013.png",
      "transform_matrix": [
        [
          0.17190967321133335, -0.9486901842769635, -0.2653940438534998,
          -0.2237742070467392
        ],
        [
          -0.9567836518631351, -0.22493568842395717, 0.18430675408319575,
          -0.3248379475513571
        ],
        [
          -0.23454660045248088, 0.22224056859579278, -0.9463598796897527,
          -2.267457165801658
        ],
        [0.0, 0.0, 0.0, 1.0]
      ]
    },
    {
      "file_path": "images/frame_00015.png",
      "transform_matrix": [
        [
          0.18620334846446499, -0.9496716071094062, -0.25189710532449283,
          -0.2470330728613415
        ],
        [
          -0.9825111891073177, -0.17990757019992631, -0.048010722382435866,
          -0.692908957101108
        ],
        [
          0.0002762237240869712, 0.2564314817548662, -0.9665623719478521,
          -2.13688276285824
        ],
        [0.0, 0.0, 0.0, 1.0]
      ]
    },
    {
      "file_path": "images/frame_00016.png",
      "transform_matrix": [
        [
          0.18628728638886655, -0.9460464238043832, -0.26512866864375434,
          -0.24050947780950283
        ],
        [
          -0.9803006113644885, -0.16094874151685964, -0.11448237402564788,
          -0.8386762709967271
        ],
        [
          0.06563351497734723, 0.28123240675831856, -0.9573925919395039,
          -2.111530221558908
        ],
        [0.0, 0.0, 0.0, 1.0]
      ]
    },
    {
      "file_path": "images/frame_00017.png",
      "transform_matrix": [
        [
          0.18848824679013707, -0.940480549592934, -0.2827870517887146,
          -0.24669196010231031
        ],
        [
          -0.9747448969882082, -0.14404096378691325, -0.17065927032184564,
          -0.9725271506985742
        ],
        [
          0.11976880485931225, 0.30781250232683854, -0.9438786451625347,
          -2.076975651599157
        ],
        [0.0, 0.0, 0.0, 1.0]
      ]
    },
    {
      "file_path": "images/frame_00018.png",
      "transform_matrix": [
        [
          0.1895486199508549, -0.9377636053957178, -0.2909823724385221,
          -0.23055791120646066
        ],
        [
          -0.9684416060662706, -0.12970996493039025, -0.21282899388367765,
          -1.0735649431437366
        ],
        [
          0.16183997131273828, 0.32214087817751624, -0.9327556369663544,
          -2.0051693602341385
        ],
        [0.0, 0.0, 0.0, 1.0]
      ]
    },
    {
      "file_path": "images/frame_00020.png",
      "transform_matrix": [
        [
          0.20087577836380008, -0.9482125976815576, -0.2460524156856221,
          -0.1592311837011851
        ],
        [
          -0.9128900584001534, -0.09007845609665194, -0.3981427043428118,
          -1.303066041214546
        ],
        [
          0.3553599062090454, 0.30459602975947714, -0.8837084336555026,
          -1.8339746508096249
        ],
        [0.0, 0.0, 0.0, 1.0]
      ]
    },
    {
      "file_path": "images/frame_00019.png",
      "transform_matrix": [
        [
          0.19350542724297257, -0.9419436890043483, -0.27440433009046006,
          -0.20817981595091017
        ],
        [
          -0.9530653850022994, -0.1140917205530836, -0.28044509482545044,
          -1.185580978837614
        ],
        [
          0.23285622503582223, 0.3157929163963571, -0.9198112917419256,
          -1.9122767421561366
        ],
        [0.0, 0.0, 0.0, 1.0]
      ]
    },
    {
      "file_path": "images/frame_00021.png",
      "transform_matrix": [
        [
          0.2075843076439508, -0.953556737126247, -0.2182620083778366,
          -0.08567479167557332
        ],
        [
          -0.8298783915596762, -0.053540249756650116, -0.5553695138178899,
          -1.480621758008665
        ],
        [
          0.5178905390546399, 0.296416920463628, -0.8024502469440415,
          -1.7561226558120335
        ],
        [0.0, 0.0, 0.0, 1.0]
      ]
    },
    {
      "file_path": "images/frame_00022.png",
      "transform_matrix": [
        [
          0.20631532134652752, -0.9577436359173598, -0.20040238530884555,
          -0.05334404207502622
        ],
        [
          -0.7501254557779455, -0.023304237334694545, -0.6608847956460926,
          -1.6224987128055604
        ],
        [
          0.6282879823549138, 0.28667758960554296, -0.7232359026253795,
          -1.652163219909011
        ],
        [0.0, 0.0, 0.0, 1.0]
      ]
    },
    {
      "file_path": "images/frame_00024.png",
      "transform_matrix": [
        [
          0.19887017500729093, -0.9638682174356196, -0.17722503465947115,
          -0.017588000703999095
        ],
        [
          -0.7002138931879263, -0.013224365173164844, -0.7138106331180379,
          -1.9033859133957374
        ],
        [
          0.6856756939539107, 0.26605107701952285, -0.6775438488670493,
          -1.385817383732014
        ],
        [0.0, 0.0, 0.0, 1.0]
      ]
    },
    {
      "file_path": "images/frame_00023.png",
      "transform_matrix": [
        [
          0.20276963050486999, -0.9607444962705589, -0.1893528183860718,
          -0.010555848483705369
        ],
        [
          -0.7178360979665, -0.01431546241923947, -0.6960649423666961,
          -1.7588842858574643
        ],
        [
          0.6660298892701043, 0.27706511946030576, -0.692559821370904,
          -1.526094323656962
        ],
        [0.0, 0.0, 0.0, 1.0]
      ]
    },
    {
      "file_path": "images/frame_00025.png",
      "transform_matrix": [
        [
          0.19737796793133489, -0.9648878395728502, -0.17330145648474665,
          0.0076617297498032
        ],
        [
          -0.6640228608625641, -0.001538138891033069, -0.7477106889570637,
          -2.045221917664582
        ],
        [
          0.7211903895832168, 0.26265774531353436, -0.6410111783733712,
          -1.2226938074263634
        ],
        [0.0, 0.0, 0.0, 1.0]
      ]
    },
    {
      "file_path": "images/frame_00027.png",
      "transform_matrix": [
        [
          0.1938259955275979, -0.9660530216840958, -0.17080117901455902,
          -0.004150066393664927
        ],
        [
          -0.5188522568841918, 0.04681482626401755, -0.8535811077853407,
          -2.2929570051277888
        ],
        [
          0.8326006359497425, 0.25406678519022846, -0.4921648602645114,
          -0.9431783910217226
        ],
        [0.0, 0.0, 0.0, 1.0]
      ]
    },
    {
      "file_path": "images/frame_00026.png",
      "transform_matrix": [
        [
          0.19613696609763853, -0.9650313455352247, -0.17391030062790191,
          -0.008752647786292651
        ],
        [
          -0.5901115111915721, 0.025479941124622155, -0.8069195604020791,
          -2.2102750274390996
        ],
        [
          0.7831338933344747, 0.26089322477741583, -0.5644785473124979,
          -1.0719912554240834
        ],
        [0.0, 0.0, 0.0, 1.0]
      ]
    },
    {
      "file_path": "images/frame_00028.png",
      "transform_matrix": [
        [
          0.19186120068902646, -0.9668606327650393, -0.16843335916424917,
          -0.007294987671915881
        ],
        [
          -0.46403198933816986, 0.06185733206949703, -0.8836560322546919,
          -2.3323143996685136
        ],
        [
          0.864791068721819, 0.24769777406838317, -0.4367862408324494,
          -0.8410730789095634
        ],
        [0.0, 0.0, 0.0, 1.0]
      ]
    },
    {
      "file_path": "images/frame_00029.png",
      "transform_matrix": [
        [
          0.18516113918310886, -0.9706100900195216, -0.15372509778403023,
          -0.0326158006592593
        ],
        [
          -0.3331087608804781, 0.08517753209939644, -0.9390331950735968,
          -2.4265295149163473
        ],
        [
          0.9245290184526851, 0.22507963296965047, -0.30754715550816203,
          -0.6453089236883082
        ],
        [0.0, 0.0, 0.0, 1.0]
      ]
    },
    {
      "file_path": "images/frame_00031.png",
      "transform_matrix": [
        [
          0.1719146473612853, -0.9771748638587017, -0.12479839528364492,
          0.020218787343989252
        ],
        [
          -0.1452152446503156, 0.10016278319989112, -0.9843169964918824,
          -2.5992756717503553
        ],
        [
          0.9743499816512513, 0.1873411388467028, -0.12468123736884601,
          -0.3736478853121129
        ],
        [0.0, 0.0, 0.0, 1.0]
      ]
    },
    {
      "file_path": "images/frame_00030.png",
      "transform_matrix": [
        [
          0.17839926236708778, -0.9742890480566228, -0.1376028852306479,
          0.00227754475090417
        ],
        [
          -0.22774259267742747, 0.09516307588692093, -0.9690600087034358,
          -2.5196915202821337
        ],
        [
          0.9572392671988765, 0.20421762858445888, -0.20491009127882812,
          -0.5134637048386611
        ],
        [0.0, 0.0, 0.0, 1.0]
      ]
    },
    {
      "file_path": "images/frame_00032.png",
      "transform_matrix": [
        [
          0.16194351448681465, -0.9808539478531931, -0.10816575750423377,
          0.06455686724218763
        ],
        [
          -0.07307003656664514, 0.09739247378370643, -0.9925600615612331,
          -2.6210123611964753
        ],
        [
          0.9840909855657695, 0.1686423405645685, -0.0558989543470726,
          -0.2240118993880206
        ],
        [0.0, 0.0, 0.0, 1.0]
      ]
    },
    {
      "file_path": "images/frame_00033.png",
      "transform_matrix": [
        [
          0.14710906215691863, -0.98455164057317, -0.0949578373594904,
          0.1066352069891835
        ],
        [
          -0.006100291760548373, 0.09509740154637956, -0.9954492808071955,
          -2.6070477730831447
        ],
        [
          0.9891014661154576, 0.14701888063716925, 0.007983637294224926,
          -0.10390722130424987
        ],
        [0.0, 0.0, 0.0, 1.0]
      ]
    },
    {
      "file_path": "images/frame_00034.png",
      "transform_matrix": [
        [
          0.13414795561801787, -0.987098864940387, -0.08740799069253356,
          0.1254897882213646
        ],
        [
          0.05427031718733139, 0.09539089784031532, -0.993959410278712,
          -2.5841332069696277
        ],
        [
          0.9894741323935115, 0.12859396347658872, 0.06636666242541507,
          0.028999505742636406
        ],
        [0.0, 0.0, 0.0, 1.0]
      ]
    },
    {
      "file_path": "images/frame_00035.png",
      "transform_matrix": [
        [
          0.11094615252392193, -0.9916161106156025, -0.0662453047975763,
          0.15359605572229745
        ],
        [
          0.141311608302185, 0.08171983189029296, -0.9865864880662373,
          -2.5319180312325043
        ],
        [
          0.983728611253728, 0.10009674441962334, 0.14919336834257788,
          0.25415734851202665
        ],
        [0.0, 0.0, 0.0, 1.0]
      ]
    },
    {
      "file_path": "images/frame_00036.png",
      "transform_matrix": [
        [
          0.09192196062702919, -0.9945334245295988, -0.04953403524761191,
          0.1476870325057146
        ],
        [
          0.21566608657273276, 0.06844800554982688, -0.9740651978377285,
          -2.4914793160300857
        ],
        [
          0.9721309028401912, 0.07885517122979081, 0.22077900650522678,
          0.42964565219798856
        ],
        [0.0, 0.0, 0.0, 1.0]
      ]
    },
    {
      "file_path": "images/frame_00039.png",
      "transform_matrix": [
        [
          0.04524987041547659, -0.9986549728743457, -0.025311941464900782,
          0.13485648012428553
        ],
        [
          0.4624175957444964, 0.04339895209714463, -0.8855995133821772,
          -2.231407021444708
        ],
        [
          0.8855068697493329, 0.028368576104727802, 0.4637594284934035,
          0.9992645043534664
        ],
        [0.0, 0.0, 0.0, 1.0]
      ]
    },
    {
      "file_path": "images/frame_00037.png",
      "transform_matrix": [
        [
          0.07017978703775624, -0.9968667395776457, -0.03648973849138519,
          0.15440331755494582
        ],
        [
          0.31611634449693804, 0.056919520390632375, -0.9470114175343365,
          -2.407968296873488
        ],
        [
          0.9461211625543675, 0.054926056861337516, 0.3191204694851723,
          0.6338713183756363
        ],
        [0.0, 0.0, 0.0, 1.0]
      ]
    },
    {
      "file_path": "images/frame_00038.png",
      "transform_matrix": [
        [
          0.05434218834551406, -0.9980969872859976, -0.029143276007265465,
          0.13589312485025964
        ],
        [
          0.4028678981337311, 0.0486212067681318, -0.9139657733776032,
          -2.313994839231267
        ],
        [
          0.9136434661393525, 0.03792600984846091, 0.40474341817729914,
          0.8088405228313545
        ],
        [0.0, 0.0, 0.0, 1.0]
      ]
    },
    {
      "file_path": "images/frame_00040.png",
      "transform_matrix": [
        [
          0.04205392498710074, -0.9987464474625839, -0.02714776370250696,
          0.13692264763413245
        ],
        [
          0.5073687409077419, 0.04475539381167979, -0.8605660436447943,
          -2.1693826019018507
        ],
        [
          0.8607022877527815, 0.022416253157682385, 0.5086148675092961,
          1.1727768674527728
        ],
        [0.0, 0.0, 0.0, 1.0]
      ]
    },
    {
      "file_path": "images/frame_00041.png",
      "transform_matrix": [
        [
          0.039662584353059735, -0.9988779954020847, -0.025877204330242688,
          0.1162799344396144
        ],
        [
          0.5589289381287714, 0.043645572984864454, -0.8280661242202019,
          -2.090262657199625
        ],
        [
          0.8282664556316889, 0.01837972416375121, 0.5600329135104328,
          1.3470547462772087
        ],
        [0.0, 0.0, 0.0, 1.0]
      ]
    },
    {
      "file_path": "images/frame_00042.png",
      "transform_matrix": [
        [
          0.030869556663312897, -0.9993304672182167, -0.019638934819151306,
          0.14652337262390003
        ],
        [
          0.6088107079867924, 0.034381969514847684, -0.7925701243504579,
          -1.993528918747872
        ],
        [
          0.7927146979285997, 0.012509894551931432, 0.6094644454160296,
          1.4431778422554251
        ],
        [0.0, 0.0, 0.0, 1.0]
      ]
    },
    {
      "file_path": "images/frame_00043.png",
      "transform_matrix": [
        [
          0.019432057910070674, -0.9994365265573535, -0.027368312121001454,
          0.1726856064940727
        ],
        [
          0.6875142737333728, 0.03323179165826809, -0.7254100712259615,
          -1.8751573657627434
        ],
        [
          0.7259108199622406, -0.004719894718567196, 0.6877726397986423,
          1.542847580850472
        ],
        [0.0, 0.0, 0.0, 1.0]
      ]
    },
    {
      "file_path": "images/frame_00044.png",
      "transform_matrix": [
        [
          0.015858296840674163, -0.9990128046544731, -0.04149615111931288,
          0.17608410683698425
        ],
        [
          0.7471642606822635, 0.03941909527344252, -0.6634694435216664,
          -1.7891500973698509
        ],
        [
          0.6644502103095759, -0.0204829456921374, 0.7470517833158108,
          1.623929949845575
        ],
        [0.0, 0.0, 0.0, 1.0]
      ]
    },
    {
      "file_path": "images/frame_00046.png",
      "transform_matrix": [
        [
          0.019976137954194846, -0.9970933793035932, -0.07352378432436518,
          0.20873495652586532
        ],
        [
          0.8462874379638337, 0.056019295811593095, -0.5297729804750176,
          -1.5067920660982574
        ],
        [
          0.5323518819888262, -0.05163943692289855, 0.8449466505627683,
          1.83109624207427
        ],
        [0.0, 0.0, 0.0, 1.0]
      ]
    },
    {
      "file_path": "images/frame_00045.png",
      "transform_matrix": [
        [
          0.016947670464438756, -0.9978839730214648, -0.06277222994864323,
          0.21163791160508322
        ],
        [
          0.8080278604371244, 0.05064635462291669, -0.5869633067925225,
          -1.6782368570800865
        ],
        [
          0.5889004612183895, -0.04077404996203244, 0.8071763894134059,
          1.7251772373370002
        ],
        [0.0, 0.0, 0.0, 1.0]
      ]
    },
    {
      "file_path": "images/frame_00047.png",
      "transform_matrix": [
        [
          0.014755917596336305, -0.9978197456072385, -0.06432742939210312,
          0.20310070329642615
        ],
        [
          0.8693644233121516, 0.04458461789938343, -0.4921561859063601,
          -1.322669230518884
        ],
        [
          0.4939511740800095, -0.048661762432857456, 0.8681268746571021,
          1.891580307705346
        ],
        [0.0, 0.0, 0.0, 1.0]
      ]
    },
    {
      "file_path": "images/frame_00048.png",
      "transform_matrix": [
        [
          0.006549746907826702, -0.9986651163668445, -0.05123559473100856,
          0.15740567809072287
        ],
        [
          0.8878470797220492, 0.0293817596457724, -0.45919960281902183,
          -1.1746537087624684
        ],
        [
          0.46009201671456185, -0.04248173198110922, 0.8868543502759696,
          1.9431319837809593
        ],
        [0.0, 0.0, 0.0, 1.0]
      ]
    },
    {
      "file_path": "images/frame_00049.png",
      "transform_matrix": [
        [
          -0.01178423478822627, -0.9991225154320652, -0.04019118021604469,
          0.12888933070864358
        ],
        [
          0.9206183233840807, 0.004847458729258567, -0.39043361124953424,
          -1.020987537162462
        ],
        [
          0.3902858368682372, -0.04160169828950207, 0.9197533714205615,
          2.005382103620058
        ],
        [0.0, 0.0, 0.0, 1.0]
      ]
    },
    {
      "file_path": "images/frame_00050.png",
      "transform_matrix": [
        [
          -0.06119731458127877, -0.9956777093293323, -0.06986263545511064,
          0.21550291600087837
        ],
        [
          0.9648089282033592, -0.04107626720220034, -0.25972383858979664,
          -0.8595108869648892
        ],
        [
          0.25573154038390594, -0.08329849588934433, 0.9631525008198066,
          2.1133227121899543
        ],
        [0.0, 0.0, 0.0, 1.0]
      ]
    },
    {
      "file_path": "images/frame_00051.png",
      "transform_matrix": [
        [
          -0.10598497713851143, -0.9872972166623087, -0.11836971991099268,
          0.2455279222621249
        ],
        [
          0.9791277814817901, -0.08285717052323716, -0.18558953856139382,
          -0.7001885258186864
        ],
        [
          0.17342425479585347, -0.13556878425264735, 0.97547174873738,
          2.2097803405235825
        ],
        [0.0, 0.0, 0.0, 1.0]
      ]
    },
    {
      "file_path": "images/frame_00052.png",
      "transform_matrix": [
        [
          -0.12117862469640366, -0.9833816524444237, -0.1351897427779302,
          0.2347716861633338
        ],
        [
          0.9803513641284456, -0.09720855259155416, -0.17164410900042934,
          -0.5910338683305487
        ],
        [
          0.15565006832052583, -0.15333304581442914, 0.9758391431445481,
          2.2314209264438314
        ],
        [0.0, 0.0, 0.0, 1.0]
      ]
    },
    {
      "file_path": "images/frame_00053.png",
      "transform_matrix": [
        [
          -0.1435462251889823, -0.9782082575498023, -0.15001028663186294,
          0.22557704894768368
        ],
        [
          0.9799539604970576, -0.11933877555195313, -0.15952583476005283,
          -0.46959080402562003
        ],
        [
          0.1381474449279649, -0.16990250590011982, 0.9757296869260127,
          2.1892107576511504
        ],
        [0.0, 0.0, 0.0, 1.0]
      ]
    },
    {
      "file_path": "images/frame_00054.png",
      "transform_matrix": [
        [
          -0.16507045654302685, -0.9776557772215361, -0.13015731113552723,
          0.20929570728014105
        ],
        [
          0.9802329664249452, -0.1480300526245244, -0.13126475175664123,
          -0.37837334413923684
        ],
        [
          0.10906454928357244, -0.1492524196967483, 0.9827658110171704,
          2.1412181355449347
        ],
        [0.0, 0.0, 0.0, 1.0]
      ]
    },
    {
      "file_path": "images/frame_00055.png",
      "transform_matrix": [
        [
          -0.17736628902953863, -0.9752020697387314, -0.13237115506478192,
          0.2837952155444976
        ],
        [
          0.9831486912942845, -0.16952623024067418, -0.06840692996123662,
          -0.2731471720750949
        ],
        [
          0.0442701967719342, -0.14227361117818124, 0.988836876962067,
          2.093989609037825
        ],
        [0.0, 0.0, 0.0, 1.0]
      ]
    },
    {
      "file_path": "images/frame_00056.png",
      "transform_matrix": [
        [
          -0.16520338733277926, -0.9756315481947162, -0.1443984867682365,
          0.3854966386749311
        ],
        [
          0.9857044597355595, -0.1682425132009643, 0.00900970639099123,
          -0.1427936031550236
        ],
        [
          -0.03308411811132691, -0.14084579837185135, 0.9894786011884196,
          2.0483125636339246
        ],
        [0.0, 0.0, 0.0, 1.0]
      ]
    },
    {
      "file_path": "images/frame_00057.png",
      "transform_matrix": [
        [
          -0.16144948992005265, -0.980793257639315, -0.10944700988978572,
          0.3277434462776564
        ],
        [
          0.9809517896128652, -0.17162808700088228, 0.09098014183180114,
          -0.03381842283961088
        ],
        [
          -0.10801689062304974, -0.09267354272756392, 0.9898201684237651,
          1.9817059469470304
        ],
        [0.0, 0.0, 0.0, 1.0]
      ]
    },
    {
      "file_path": "images/frame_00058.png",
      "transform_matrix": [
        [
          -0.15877474045657153, -0.9856303333825124, -0.057649177871203876,
          0.28982652242037354
        ],
        [
          0.9695872925646206, -0.16667301736402293, 0.17922217323752232,
          0.039174497283682115
        ],
        [
          -0.18625537278198634, -0.0274399562508665, 0.9821181114870013,
          1.8871755843385285
        ],
        [0.0, 0.0, 0.0, 1.0]
      ]
    },
    {
      "file_path": "images/frame_00059.png",
      "transform_matrix": [
        [
          -0.15694704438498522, -0.9876064903600447, -0.0010224761769505872,
          0.22891745480261158
        ],
        [
          0.9488219816928094, -0.151070669530839, 0.2773346351684801,
          0.12681821696444878
        ],
        [
          -0.2740519518546573, 0.042556703422833186, 0.9607728423922243,
          1.8290700844841434
        ],
        [0.0, 0.0, 0.0, 1.0]
      ]
    },
    {
      "file_path": "images/frame_00060.png",
      "transform_matrix": [
        [
          -0.15967253093226608, -0.9854944542363961, 0.057492291091872906,
          0.2084981530177602
        ],
        [
          0.9153093911472542, -0.12598414518689868, 0.38253981967785905,
          0.232402170056078
        ],
        [
          -0.36974775366907514, 0.11370433514529935, 0.9221485362054415,
          1.7820078838766098
        ],
        [0.0, 0.0, 0.0, 1.0]
      ]
    },
    {
      "file_path": "images/frame_00061.png",
      "transform_matrix": [
        [
          -0.14917478243176804, -0.9851108192871937, 0.0854608565938138,
          0.18998504867525176
        ],
        [
          0.9072183410257345, -0.10197475239874558, 0.40811276821453213,
          0.27993082683880616
        ],
        [
          -0.39332145376644345, 0.1384117899477074, 0.9089226647028464,
          1.7618323451219875
        ],
        [0.0, 0.0, 0.0, 1.0]
      ]
    },
    {
      "file_path": "images/frame_00062.png",
      "transform_matrix": [
        [
          -0.11274224385816582, -0.9898450880000531, 0.08657879770470966,
          0.17433317943647222
        ],
        [
          0.914128363013242, -0.06917691128648443, 0.3994795249816851,
          0.2742781857333062
        ],
        [
          -0.38943359175160625, 0.12418235263929021, 0.9126446301318024,
          1.7446349907503504
        ],
        [0.0, 0.0, 0.0, 1.0]
      ]
    },
    {
      "file_path": "images/frame_00063.png",
      "transform_matrix": [
        [
          -0.06436994162066531, -0.995071293996392, 0.07542963926798345,
          0.18505472047077884
        ],
        [
          0.9363453531579644, -0.034083714753469926, 0.3494219226209064,
          0.16033623021316235
        ],
        [
          -0.3451288023843254, 0.09312046097904621, 0.9339243489233008,
          1.7576489028344968
        ],
        [0.0, 0.0, 0.0, 1.0]
      ]
    },
    {
      "file_path": "images/frame_00064.png",
      "transform_matrix": [
        [
          -0.035054689068192174, -0.9966184708277723, 0.07431549218867702,
          0.16570050620073512
        ],
        [
          0.9621561615400396, -0.01354807036049406, 0.2721616626199296,
          0.014515684313500869
        ],
        [
          -0.27023450850117126, 0.08104365116664011, 0.9593775258055145,
          1.7606514366677166
        ],
        [0.0, 0.0, 0.0, 1.0]
      ]
    },
    {
      "file_path": "images/frame_00066.png",
      "transform_matrix": [
        [
          -0.043053511096811915, -0.9923117694713365, 0.1160333889486205,
          0.11959803407486556
        ],
        [
          0.9899100705147711, -0.026676616555546342, 0.13916325097736448,
          -0.2684604347036311
        ],
        [
          -0.13499795359810932, 0.12085408680641918, 0.9834479356969078,
          1.7746111448449047
        ],
        [0.0, 0.0, 0.0, 1.0]
      ]
    },
    {
      "file_path": "images/frame_00065.png",
      "transform_matrix": [
        [
          -0.033826277933134016, -0.9950245128989973, 0.09371233457396934,
          0.12886424067417168
        ],
        [
          0.9825870800651237, -0.01596914564837961, 0.18511514383311584,
          -0.12157350176265075
        ],
        [
          -0.18269759990291254, 0.0983422855000535, 0.9782384074817044,
          1.7693821284604225
        ],
        [0.0, 0.0, 0.0, 1.0]
      ]
    },
    {
      "file_path": "images/frame_00067.png",
      "transform_matrix": [
        [
          -0.054410739358118035, -0.9896642953470642, 0.1326802696624548,
          0.11893681340750384
        ],
        [
          0.9916940722033637, -0.038050760516239596, 0.12286173847396574,
          -0.3821358461195212
        ],
        [
          -0.11654329066579645, 0.13826323495179244, 0.9835145851798299,
          1.7709257120469872
        ],
        [0.0, 0.0, 0.0, 1.0]
      ]
    },
    {
      "file_path": "images/frame_00068.png",
      "transform_matrix": [
        [
          -0.06946423245229351, -0.9881376575755948, 0.1369623674256201,
          0.11664726558761564
        ],
        [
          0.9919821179011137, -0.05389003099555039, 0.11431247667564301,
          -0.4397589374123208
        ],
        [
          -0.10557555670814406, 0.14380484776361138, 0.9839583159796199,
          1.7530749781414405
        ],
        [0.0, 0.0, 0.0, 1.0]
      ]
    },
    {
      "file_path": "images/frame_00070.png",
      "transform_matrix": [
        [
          -0.1558510450105885, -0.9843611009315301, 0.08211988030905384,
          0.13903659716257394
        ],
        [
          0.964544882614569, -0.1337322024622502, 0.22752772896208232,
          -0.23466148799218792
        ],
        [
          -0.21298737331390002, 0.1146687446406453, 0.9703027660536601,
          1.7452532836406607
        ],
        [0.0, 0.0, 0.0, 1.0]
      ]
    },
    {
      "file_path": "images/frame_00069.png",
      "transform_matrix": [
        [
          -0.09618063560771288, -0.9878401801188672, 0.12215180668668078,
          0.11872883787408657
        ],
        [
          0.9864234652262281, -0.07818492428496951, 0.14441559772280074,
          -0.42422646158067534
        ],
        [
          -0.13310910030939496, 0.13438339241616679, 0.9819486092752238,
          1.7311252048798575
        ],
        [0.0, 0.0, 0.0, 1.0]
      ]
    },
    {
      "file_path": "images/frame_00071.png",
      "transform_matrix": [
        [
          -0.18102653165188812, -0.9807244347311889, 0.07354575418933519,
          0.15785016807715488
        ],
        [
          0.9589482464492207, -0.15941938208492973, 0.23452872158357063,
          -0.11633046585813564
        ],
        [
          -0.2182834292154417, 0.11298249305467352, 0.9693231147522987,
          1.7464758558744125
        ],
        [0.0, 0.0, 0.0, 1.0]
      ]
    },
    {
      "file_path": "images/frame_00072.png",
      "transform_matrix": [
        [
          -0.20683002685050172, -0.9744961605492661, 0.08705500024558845,
          0.14773975023374875
        ],
        [
          0.96137702416218, -0.18591514291649117, 0.20295264730328597,
          0.07526754147951913
        ],
        [
          -0.18159173275810786, 0.12566937856566068, 0.9753110528876562,
          1.7605404721893794
        ],
        [0.0, 0.0, 0.0, 1.0]
      ]
    },
    {
      "file_path": "images/frame_00074.png",
      "transform_matrix": [
        [
          -0.23459158807451017, -0.9624276293304359, 0.13674737696232542,
          0.12519554185138712
        ],
        [
          0.9525482356288453, -0.19952131373667045, 0.2298762801273045,
          0.3048097548142737
        ],
        [
          -0.193955267020654, 0.18418551426806098, 0.9635647620833572,
          1.6898939303819716
        ],
        [0.0, 0.0, 0.0, 1.0]
      ]
    },
    {
      "file_path": "images/frame_00073.png",
      "transform_matrix": [
        [
          -0.2236162887623341, -0.9675028434967768, 0.11804237893998937,
          0.13716511885563187
        ],
        [
          0.9606918455333656, -0.19834270795908343, 0.19424558714460985,
          0.1972936685903717
        ],
        [
          -0.16452031280622118, 0.15683882818074546, 0.9738247525345789,
          1.7478659120777769
        ],
        [0.0, 0.0, 0.0, 1.0]
      ]
    },
    {
      "file_path": "images/frame_00075.png",
      "transform_matrix": [
        [
          -0.21822642997215885, -0.9678881283205368, 0.12477898988922137,
          0.0855349578917706
        ],
        [
          0.9145988781973696, -0.1582389001680258, 0.37211468994615937,
          0.4599895101780265
        ],
        [
          -0.34042050064841756, 0.19532798450242997, 0.9197613066489041,
          1.5807503015861954
        ],
        [0.0, 0.0, 0.0, 1.0]
      ]
    },
    {
      "file_path": "images/frame_00076.png",
      "transform_matrix": [
        [
          -0.19537703760623673, -0.9775184871159505, 0.079280644061174,
          0.062224189188553235
        ],
        [
          0.827993276702533, -0.12108627201522643, 0.5475082177144533,
          0.5397368406002743
        ],
        [
          -0.5255996070314493, 0.1726143738974191, 0.8330362123055567,
          1.4544024083966416
        ],
        [0.0, 0.0, 0.0, 1.0]
      ]
    },
    {
      "file_path": "images/frame_00078.png",
      "transform_matrix": [
        [
          -0.17197965484158853, -0.9812411222443395, -0.08711405361500128,
          -0.060917644522253574
        ],
        [
          0.651525922658814, -0.1796265383307918, 0.7370537828617919,
          0.6567644084074807
        ],
        [
          -0.7388754769405662, 0.07000119101819505, 0.6701961375835322,
          1.2388966586486165
        ],
        [0.0, 0.0, 0.0, 1.0]
      ]
    },
    {
      "file_path": "images/frame_00077.png",
      "transform_matrix": [
        [
          -0.17963338156078393, -0.9836361652387698, 0.01384711751251694,
          -0.00647956170375379
        ],
        [
          0.7289136666805928, -0.12363645033138207, 0.6733490140155471,
          0.5785005728956648
        ],
        [
          -0.6606184335569902, 0.13104931355723817, 0.7391950775410274,
          1.3392157406850722
        ],
        [0.0, 0.0, 0.0, 1.0]
      ]
    },
    {
      "file_path": "images/frame_00080.png",
      "transform_matrix": [
        [
          -0.15909270520324217, -0.9433184186530102, -0.2912728483417193,
          -0.042193040282832155
        ],
        [
          0.571850283357989, -0.3285478158346824, 0.7516938114243373,
          0.8971079767461109
        ],
        [
          -0.8047836756386784, -0.04697545891466714, 0.5917064658132904,
          1.0436115282104994
        ],
        [0.0, 0.0, 0.0, 1.0]
      ]
    },
    {
      "file_path": "images/frame_00079.png",
      "transform_matrix": [
        [
          -0.172299423380912, -0.9655674227352311, -0.1949165484381679,
          -0.04474543227894132
        ],
        [
          0.6054452661262371, -0.2598940958371915, 0.7522573287607762,
          0.7685796579424514
        ],
        [
          -0.7770128302852759, 0.011602202437992776, 0.6293778280736084,
          1.1344496855842379
        ],
        [0.0, 0.0, 0.0, 1.0]
      ]
    },
    {
      "file_path": "images/frame_00081.png",
      "transform_matrix": [
        [
