{
    "fl_x": 2890.0529950346727,
    "fl_y": 2895.521000864436,
    "cx": 2000.0,
    "cy": 1500.0,
    "w": 4000,
    "h": 3000,
    "camera_model": "OPENCV",
    "k1": -0.01766926501301854,
    "k2": 0.008743074782911349,
    "p1": -0.0010337546744927152,
    "p2": -0.0012729938275031377,
    "frames": [
        {
            "file_path": "images/frame_00001.JPG",
            "transform_matrix": [
                [
                    0.9016489048788613,
                    -0.08363547271667736,
                    -0.4243045604683127,
                    2.4092038806415017
                ],
                [
                    -0.11469887760372345,
                    0.8997397452587697,
                    -0.42108497750232143,
                    -4.56987530655706
                ],
                [
                    0.416981318295192,
                    0.4283380656737647,
                    0.8016564611400954,
                    1.0846538899227207
                ],
                [
                    0.0,
                    0.0,
                    0.0,
                    1.0
                ]
            ]
        },
        {
            "file_path": "images/frame_00002.JPG",
            "transform_matrix": [
                [
                    0.9040073511369018,
                    -0.13174867422854833,
                    -0.4067099653677814,
                    2.3887718895236065
                ],
                [
                    -0.06225134198130353,
                    0.9006254645770083,
                    -0.43011456959393335,
                    -3.9558957973805153
                ],
                [
                    0.4229603758178405,
                    0.41414497388531424,
                    0.8059705088237182,
                    1.0968325623139108
                ],
                [
                    0.0,
                    0.0,
                    0.0,
                    1.0
                ]
            ]
        },
        {
            "file_path": "images/frame_00003.JPG",
            "transform_matrix": [
                [
                    0.903415255878234,
                    -0.1406131082022205,
                    -0.40505410656870927,
                    2.3680512631302464
                ],
                [
                    -0.052799883028053815,
                    0.901021480912104,
                    -0.4305490254165982,
                    -3.436570842115303
                ],
                [
                    0.42550328764733236,
                    0.4103513674117212,
                    0.8065721960647058,
                    1.110272703974781
                ],
                [
                    0.0,
                    0.0,
                    0.0,
                    1.0
                ]
            ]
        },
        {
            "file_path": "images/frame_00004.JPG",
            "transform_matrix": [
                [
                    0.9027019256088594,
                    -0.14557611034898524,
                    -0.4048911330193799,
                    2.353766253698603
                ],
                [
                    -0.047365150285678545,
                    0.9016833374773062,
                    -0.42979495280214813,
                    -2.884756476527032
                ],
                [
                    0.42765146561244494,
                    0.4071544608762698,
                    0.8070560506855036,
                    1.119282094649038
                ],
                [
                    0.0,
                    0.0,
                    0.0,
                    1.0
                ]
            ]
        },
        {
            "file_path": "images/frame_00005.JPG",
            "transform_matrix": [
                [
                    0.9017993013060019,
                    -0.14874906713730507,
                    -0.4057483643710569,
                    2.3383559830304037
                ],
                [
                    -0.04467398980019777,
                    0.9017773189042306,
                    -0.4298859171282874,
                    -2.3640962957916103
                ],
                [
                    0.4298398013206062,
                    0.40579721799893903,
                    0.8065769418133544,
                    1.1182582113386337
                ],
                [
                    0.0,
                    0.0,
                    0.0,
                    1.0
                ]
            ]
        },
        {
            "file_path": "images/frame_00006.JPG",
            "transform_matrix": [
                [
                    -0.8905567364342536,
                    -0.19994781312779555,
                    -0.40857015458423185,
                    1.13479338390014
                ],
                [
                    0.019441978451884504,
                    -0.9141195890864873,
                    0.404978254134994,
                    5.005438479579525
                ],
                [
                    -0.45445649810014527,
                    0.3527127001877925,
                    0.8179627390418156,
                    0.6570488191702049
                ],
                [
                    0.0,
                    0.0,
                    0.0,
                    1.0
                ]
            ]
        },
        {
            "file_path": "images/frame_00007.JPG",
            "transform_matrix": [
                [
                    -0.890887406033406,
                    -0.1902892035207146,
                    -0.41244350982228045,
                    1.1497687502146128
                ],
                [
                    0.007554161844767513,
                    -0.9140988910622093,
                    0.4054209565348866,
                    4.565484686291316
                ],
                [
                    -0.4541613858639818,
                    0.3580687592939258,
                    0.8157966653571319,
                    0.6536928040821416
                ],
                [
                    0.0,
                    0.0,
                    0.0,
                    1.0
                ]
            ]
        },
        {
            "file_path": "images/frame_00008.JPG",
            "transform_matrix": [
                [
                    -0.8930560944708191,
                    -0.18151222811932782,
                    -0.4117087844237528,
                    1.1786554869662176
                ],
                [
                    0.0004598871188315795,
                    -0.9153872967664363,
                    0.40257407445397414,
                    4.032337387657758
                ],
                [
                    -0.4499451084658715,
                    0.35933189110040475,
                    0.8175756793140572,
                    0.6466873775215931
                ],
                [
                    0.0,
                    0.0,
                    0.0,
                    1.0
                ]
            ]
        },
        {
            "file_path": "images/frame_00009.JPG",
            "transform_matrix": [
                [
                    -0.8932705299479197,
                    -0.17964174370601985,
                    -0.4120638351576405,
                    1.196583724051261
                ],
                [
                    -0.001405693309390046,
                    -0.915555475146858,
                    0.4021892539028496,
                    3.5080922198304125
                ],
                [
                    -0.4495172792595211,
                    0.3598430433492797,
                    0.8175862032839386,
                    0.636001956381657
                ],
                [
                    0.0,
                    0.0,
                    0.0,
                    1.0
                ]
            ]
        },
        {
            "file_path": "images/frame_00010.JPG",
            "transform_matrix": [
                [
                    -0.89315884472211,
                    -0.17864340291976294,
                    -0.4127394004549517,
                    1.202410460173688
                ],
                [
                    -0.0019922950265226155,
                    -0.9161455541555723,
                    0.4008408092516363,
                    2.9958888407256716
                ],
                [
                    -0.4497369329454643,
                    0.3588368127634434,
                    0.8179075943837302,
                    0.636515486615484
                ],
                [
                    0.0,
                    0.0,
                    0.0,
                    1.0
                ]
            ]
        },
        {
            "file_path": "images/frame_00011.JPG",
            "transform_matrix": [
                [
                    -0.8936791333993835,
                    -0.17790809840068328,
                    -0.4119299880440607,
                    1.2137597302238397
                ],
                [
                    -0.0019738621141214114,
                    -0.916471028211624,
                    0.40009618633159166,
                    2.459942814035159
                ],
                [
                    -0.44870225138156106,
                    0.35837070607428567,
                    0.8186798682225771,
                    0.6334455279102901
                ],
                [
                    0.0,
                    0.0,
                    0.0,
                    1.0
                ]
            ]
        },
        {
            "file_path": "images/frame_00012.JPG",
            "transform_matrix": [
                [
                    -0.8939826190303037,
                    -0.17882466569180347,
                    -0.4108732356967702,
                    1.2303744412147393
                ],
                [
                    -0.00037483043928086254,
                    -0.9166209907980537,
                    0.3997571997232025,
                    1.9260230080511362
                ],
                [
                    -0.44810147999516886,
                    0.3575299961801937,
                    0.8193762050838004,
                    0.6306128663509883
                ],
                [
                    0.0,
                    0.0,
                    0.0,
                    1.0
                ]
            ]
        },
        {
            "file_path": "images/frame_00013.JPG",
            "transform_matrix": [
                [
                    -0.8942245326367166,
                    -0.17956322163359098,
                    -0.4100238220728298,
                    1.2464827083344794
                ],
                [
                    0.001519126972719496,
                    -0.9172235609215253,
                    0.3983699681749084,
                    1.3950897618477291
                ],
                [
                    -0.44761610503185245,
                    0.3556093203601428,
                    0.8204765894217282,
                    0.6288899849524829
                ],
                [
                    0.0,
                    0.0,
                    0.0,
                    1.0
                ]
            ]
        },
        {
            "file_path": "images/frame_00015.JPG",
            "transform_matrix": [
                [
                    -0.8946193378424128,
                    -0.18251204709148464,
                    -0.40785486759983375,
                    1.2778474578860664
                ],
                [
                    0.005978327996747494,
                    -0.9175833582357034,
                    0.39749847834079977,
                    0.31461572447347086
                ],
                [
                    -0.44678910008276324,
                    0.3531715353130315,
                    0.8219789332409139,
                    0.6228340169389227
                ],
                [
                    0.0,
                    0.0,
                    0.0,
                    1.0
                ]
            ]
        },
        {
            "file_path": "images/frame_00014.JPG",
            "transform_matrix": [
                [
                    -0.8944325799248029,
                    -0.1806932416001805,
                    -0.4090725026313552,
                    1.261531507578727
                ],
                [
                    0.0035929538941688326,
                    -0.9176100143086272,
                    0.397465661816006,
                    0.8482364604372303
                ],
                [
                    -0.4471883838511189,
                    0.3540364586882827,
                    0.8213895149489578,
                    0.6268682981472354
                ],
                [
                    0.0,
                    0.0,
                    0.0,
                    1.0
                ]
            ]
        },
        {
            "file_path": "images/frame_00016.JPG",
            "transform_matrix": [
                [
                    -0.8945665778222746,
                    -0.18404969277160207,
                    -0.4072792020641653,
                    1.2918075119310397
                ],
                [
                    0.008062322298777624,
                    -0.9177693486832835,
                    0.39703201580806036,
                    -0.2063176501036739
                ],
                [
                    -0.4468619885406398,
                    0.35188795547466556,
                    0.8224896534238986,
                    0.6186474353185836
                ],
                [
                    0.0,
                    0.0,
                    0.0,
                    1.0
                ]
            ]
        },
        {
            "file_path": "images/frame_00017.JPG",
            "transform_matrix": [
                [
                    -0.8942588672752102,
                    -0.1853027665287986,
                    -0.4073867487000913,
                    1.3043578111522571
                ],
                [
                    0.008771813363282466,
                    -0.9173416215593782,
                    0.3980042771693917,
                    -0.7328488961589377
                ],
                [
                    -0.44746411430412775,
                    0.3523453335459174,
                    0.8219663206837848,
                    0.6112813840475795
                ],
                [
                    0.0,
                    0.0,
                    0.0,
                    1.0
                ]
            ]
        },
        {
            "file_path": "images/frame_00018.JPG",
            "transform_matrix": [
                [
                    -0.8943205960955409,
                    -0.18542803568841407,
                    -0.40719419811688395,
                    1.3184377917010948
                ],
                [
                    0.009703235530646382,
                    -0.9179040343402833,
                    0.39668379215953403,
                    -1.2672758681358438
                ],
                [
                    -0.44732149358101797,
                    0.3508113842545135,
                    0.8226997350539743,
                    0.6117813103838836
                ],
                [
                    0.0,
                    0.0,
                    0.0,
                    1.0
                ]
            ]
        },
        {
            "file_path": "images/frame_00019.JPG",
            "transform_matrix": [
                [
                    -0.8942234572030523,
                    -0.1861682431860824,
                    -0.40706976529438826,
                    1.3317317854485407
                ],
                [
                    0.011015511090301938,
                    -0.9182845574757688,
                    0.39576777283774744,
                    -1.8081173751956963
                ],
                [
                    -0.44748527026399426,
                    0.34942074456239586,
                    0.8232023300296354,
                    0.6110552314762995
                ],
                [
                    0.0,
                    0.0,
                    0.0,
                    1.0
                ]
            ]
        },
        {
            "file_path": "images/frame_00020.JPG",
            "transform_matrix": [
                [
                    -0.8941382191917,
                    -0.18726889790850124,
                    -0.4067520188724712,
                    1.3475914514184533
                ],
                [
                    0.012557448509854637,
                    -0.9184812526460704,
                    0.3952650996794783,
                    -2.33728767885291
                ],
                [
                    -0.4476149634089752,
                    0.34831386480276794,
                    0.8236008111449021,
                    0.6134258813150771
                ],
                [
                    0.0,
                    0.0,
                    0.0,
                    1.0
                ]
            ]
        },
        {
            "file_path": "images/frame_00021.JPG",
            "transform_matrix": [
                [
                    -0.8941965591621878,
                    -0.18728905158915418,
                    -0.40661446695529585,
                    1.3577989099620118
                ],
                [
                    0.01273846920355395,
                    -0.9185584023234895,
                    0.3950799829442994,
                    -2.8510602798342295
                ],
                [
                    -0.44749329043557085,
                    0.3480995154776189,
                    0.8237575385630124,
                    0.6095295712797538
                ],
                [
                    0.0,
                    0.0,
                    0.0,
                    1.0
                ]
            ]
        },
        {
            "file_path": "images/frame_00022.JPG",
            "transform_matrix": [
                [
                    -0.8939854856237875,
                    -0.1880979508671743,
                    -0.4067051909842941,
                    1.373152928548477
                ],
                [
                    0.013482209961948289,
                    -0.918509873750938,
                    0.39516811844653965,
                    -3.4051764940934395
                ],
                [
                    -0.4478930469526659,
                    0.3477912774950035,
                    0.8236704716024791,
                    0.608000622081876
                ],
                [
                    0.0,
                    0.0,
                    0.0,
                    1.0
                ]
            ]
        },
        {
            "file_path": "images/frame_00023.JPG",
            "transform_matrix": [
                [
                    -0.893774506456091,
                    -0.18842661692059176,
                    -0.40701663558757817,
                    1.3847388106384686
                ],
                [
                    0.013413235650251376,
                    -0.9182961202988733,
                    0.39566693133673386,
                    -3.9381703133032686
                ],
                [
                    -0.44831597865630624,
                    0.3481776062297768,
                    0.8232770723162044,
                    0.6053015030389091
                ],
                [
                    0.0,
                    0.0,
                    0.0,
                    1.0
                ]
            ]
        },
        {
            "file_path": "images/frame_00025.JPG",
            "transform_matrix": [
                [
                    -0.8935721781168637,
                    -0.18721372734690625,
                    -0.40801934119397065,
                    1.4123089645546196
                ],
                [
                    0.01248150368498887,
                    -0.9189014209038264,
                    0.3942897294207527,
                    -5.003517421674412
                ],
                [
                    -0.448746002278845,
                    0.3472336374169517,
                    0.8234414529794742,
                    0.5969779588360208
                ],
                [
                    0.0,
                    0.0,
                    0.0,
                    1.0
                ]
            ]
        },
        {
            "file_path": "images/frame_00024.JPG",
            "transform_matrix": [
                [
                    -0.8937116280504287,
                    -0.18811430971850893,
                    -0.40729906993090587,
                    1.4006951076795287
                ],
                [
                    0.01323210814815783,
                    -0.9185062504502729,
                    0.39518499363935317,
                    -4.470891090270018
                ],
                [
                    -0.44844669382370017,
                    0.3477919987045549,
                    0.8233688653548197,
                    0.5993014562700937
                ],
                [
                    0.0,
                    0.0,
                    0.0,
                    1.0
                ]
            ]
        },
        {
            "file_path": "images/frame_00026.JPG",
            "transform_matrix": [
                [
                    -0.8934541419787249,
                    -0.18740171358717725,
                    -0.4081914917359858,
                    1.4222963332158491
                ],
                [
                    0.011294420898323937,
                    -0.9178863802091426,
                    0.3966825293394306,
                    -5.500258819559955
                ],
                [
                    -0.44901239653001923,
                    0.3498073623741306,
                    0.8222059820940385,
                    0.5983205468274804
                ],
                [
                    0.0,
                    0.0,
                    0.0,
                    1.0
                ]
            ]
        },
        {
            "file_path": "images/frame_00027.JPG",
            "transform_matrix": [
                [
                    -0.8922888874426025,
                    -0.17765566141974423,
                    -0.41504097064260526,
                    1.3614306721005034
                ],
                [
                    -0.0023285721671541196,
                    -0.9174973449528298,
                    0.39773508740890634,
                    -5.596302959950765
                ],
                [
                    -0.4514588786347048,
                    0.3558610514934463,
                    0.8182590011309827,
                    0.5575534367463666
                ],
                [
                    0.0,
                    0.0,
                    0.0,
                    1.0
                ]
            ]
        },
        {
            "file_path": "images/frame_00028.JPG",
            "transform_matrix": [
                [
                    0.901655629202948,
                    -0.2571913179272587,
                    -0.3476632743179467,
                    0.40300173158987
                ],
                [
                    0.08568196335360312,
                    0.8942367579376679,
                    -0.4393167671612372,
                    -5.153347144091446
                ],
                [
                    0.423881737613816,
                    0.36632396418466634,
                    0.8283302637122005,
                    0.08242750365566345
                ],
                [
                    0.0,
                    0.0,
                    0.0,
                    1.0
                ]
            ]
        },
        {
            "file_path": "images/frame_00030.JPG",
            "transform_matrix": [
                [
                    0.9026093307937981,
                    -0.24378873946192853,
                    -0.35477238685604623,
                    0.36958257102666486
                ],
                [
                    0.07185126964709643,
                    0.8979326734921637,
                    -0.434228406400728,
                    -4.164058611001078
                ],
                [
                    0.42442171364584125,
                    0.3664477648816807,
                    0.8279989399746526,
                    0.10375612827509625
                ],
                [
                    0.0,
                    0.0,
                    0.0,
                    1.0
                ]
            ]
        },
        {
            "file_path": "images/frame_00029.JPG",
            "transform_matrix": [
                [
                    0.9023060495465397,
                    -0.2505355378577579,
                    -0.3508215176154981,
                    0.3838186980865376
                ],
                [
                    0.07839933391622352,
                    0.8955839016777727,
                    -0.43793038202105816,
                    -4.674233534444871
                ],
                [
                    0.42390722734250436,
                    0.36764305967329425,
                    0.8277325916507391,
                    0.09365678088208765
                ],
                [
                    0.0,
                    0.0,
                    0.0,
                    1.0
                ]
            ]
        },
        {
            "file_path": "images/frame_00032.JPG",
            "transform_matrix": [
                [
                    0.9021984750029682,
                    -0.2348940675023849,
                    -0.3617494834198156,
                    0.3462192445062233
                ],
                [
                    0.06164416164821501,
                    0.9003118457082295,
                    -0.4308579554936052,
                    -3.0835197832460013
                ],
                [
                    0.4268933227833473,
                    0.3664196467571381,
                    0.8267398220923962,
                    0.10537049337525936
                ],
                [
                    0.0,
                    0.0,
                    0.0,
                    1.0
                ]
            ]
        },
        {
            "file_path": "images/frame_00031.JPG",
            "transform_matrix": [
                [
                    0.9026428200004823,
                    -0.2367527289018315,
                    -0.3594218758772377,
                    0.35569448335874865
                ],
                [
                    0.0640475367358099,
                    0.8996983776246249,
                    -0.43178784412914206,
                    -3.627169956225453
                ],
                [
                    0.42559822901376304,
                    0.3667301114677567,
                    0.827269709830594,
                    0.10784088942709409
                ],
                [
                    0.0,
                    0.0,
                    0.0,
                    1.0
                ]
            ]
        },
        {
            "file_path": "images/frame_00033.JPG",
            "transform_matrix": [
                [
                    0.9018015420421278,
                    -0.23020911542015596,
                    -0.36572905537830774,
                    0.3322428079626856
                ],
                [
                    0.05627921445597351,
                    0.9016551994939409,
                    -0.428777974301106,
                    -2.5497774798135024
                ],
                [
                    0.42847010256336276,
                    0.36608969447802087,
                    0.8260700374703895,
                    0.10182366857470998
                ],
                [
                    0.0,
                    0.0,
                    0.0,
                    1.0
                ]
            ]
        },
        {
            "file_path": "images/frame_00035.JPG",
            "transform_matrix": [
                [
                    0.9011285122357797,
                    -0.2264254983565915,
                    -0.36972814084094174,
                    0.30566701670692176
                ],
                [
                    0.05193153612657379,
                    0.903020102290403,
                    -0.42644789882817336,
                    -1.4896681239195009
                ],
                [
                    0.43043062157711826,
                    0.365083810314014,
                    0.8254957852438355,
                    0.10676559542775935
                ],
                [
                    0.0,
                    0.0,
                    0.0,
                    1.0
                ]
            ]
        },
        {
            "file_path": "images/frame_00034.JPG",
            "transform_matrix": [
                [
                    0.9013407261926288,
                    -0.2285643092273973,
                    -0.36789027148586995,
                    0.31936787685053747
                ],
                [
                    0.05397740340672521,
                    0.9020720256199588,
                    -0.4281968011503263,
                    -2.0174549872495637
                ],
                [
                    0.42973402847344083,
                    0.3660934541087934,
                    0.825411562573896,
                    0.10183679091041127
                ],
                [
                    0.0,
                    0.0,
                    0.0,
                    1.0
                ]
            ]
        },
        {
            "file_path": "images/frame_00036.JPG",
            "transform_matrix": [
                [
                    0.9008722950444947,
                    -0.22513064045591585,
                    -0.3711405431223784,
                    0.29111726778878244
                ],
                [
                    0.05041268582940518,
                    0.9034724051027552,
                    -0.4256714394052164,
                    -0.9553312727130443
                ],
                [
                    0.4311469229030058,
                    0.36476541495288767,
                    0.8252626993421653,
                    0.11291353267106001
                ],
                [
                    0.0,
                    0.0,
                    0.0,
                    1.0
                ]
            ]
        },
        {
            "file_path": "images/frame_00037.JPG",
            "transform_matrix": [
                [
                    0.9008970072281991,
                    -0.2235060773428441,
                    -0.37206130645108615,
                    0.2762087422234092
                ],
                [
                    0.04857410278391102,
                    0.903752708840616,
                    -0.4252900161089926,
                    -0.4243835978878779
                ],
                [
                    0.43130631679354353,
                    0.3650699585751526,
                    0.8250447178425687,
                    0.11849163527967146
                ],
                [
                    0.0,
                    0.0,
                    0.0,
                    1.0
                ]
            ]
        },
        {
            "file_path": "images/frame_00040.JPG",
            "transform_matrix": [
                [
                    0.9007176904031088,
                    -0.2155120437114755,
                    -0.3771766180586923,
                    0.23316178623158848
                ],
                [
                    0.041860329797951956,
                    0.9072797697296874,
                    -0.41843892293673135,
                    1.1832955777008038
                ],
                [
                    0.4323833426302362,
                    0.3611066026183241,
                    0.8262243439655815,
                    0.13451491822227202
                ],
                [
                    0.0,
                    0.0,
                    0.0,
                    1.0
                ]
            ]
        },
        {
            "file_path": "images/frame_00038.JPG",
            "transform_matrix": [
                [
                    0.901119017493343,
                    -0.22106727906035256,
                    -0.37297958984465185,
                    0.265033127418145
                ],
                [
                    0.04595892170385068,
                    0.9041049592993802,
                    -0.42483173149623066,
                    0.11774219131923604
                ],
                [
                    0.4311290918363685,
                    0.36568221271907425,
                    0.8248661864043344,
                    0.12202326184397658
                ],
                [
                    0.0,
                    0.0,
                    0.0,
                    1.0
                ]
            ]
        },
        {
            "file_path": "images/frame_00039.JPG",
            "transform_matrix": [
                [
                    0.9011214567247684,
                    -0.21839365736810468,
                    -0.37454549877366616,
                    0.2530719724773018
                ],
                [
                    0.043907120258145256,
                    0.9053963383641155,
                    -0.42229093675745516,
                    0.6444479570347994
                ],
                [
                    0.4313377852923023,
                    0.3640902098357427,
                    0.8254611039176206,
                    0.1261602576802171
                ],
                [
                    0.0,
                    0.0,
                    0.0,
                    1.0
                ]
            ]
        },
        {
            "file_path": "images/frame_00041.JPG",
            "transform_matrix": [
                [
                    0.9005448978394094,
                    -0.21251518517211512,
                    -0.37928377640846916,
                    0.2185869599054181
                ],
                [
                    0.039226182439584985,
                    0.9085499695949436,
                    -0.41593059440277264,
                    1.7110666370301213
                ],
                [
                    0.43298983081202314,
                    0.3596863200349562,
                    0.8265261989756203,
                    0.13651932677636924
                ],
                [
                    0.0,
                    0.0,
                    0.0,
                    1.0
                ]
            ]
        },
        {
            "file_path": "images/frame_00043.JPG",
            "transform_matrix": [
                [
                    0.901109631824287,
                    -0.20880764924948197,
                    -0.3800010487464519,
                    0.19450150345805509
                ],
                [
                    0.03413270467192823,
                    0.9078452172227642,
                    -0.4179138906970324,
                    2.7854399655983424
                ],
                [
                    0.43224575174925306,
                    0.3636157686083725,
                    0.8251952392701171,
                    0.13780716361899376
                ],
                [
                    0.0,
                    0.0,
                    0.0,
                    1.0
                ]
            ]
        },
        {
            "file_path": "images/frame_00042.JPG",
            "transform_matrix": [
                [
                    0.9007312916868866,
                    -0.21059034060378898,
                    -0.3799142648288598,
                    0.204866895115375
                ],
                [
                    0.03666950379535853,
                    0.9083614977957813,
                    -0.4165750074279622,
                    2.2430861519644623
                ],
                [
                    0.4328261633352067,
                    0.3612908769490101,
                    0.8259118685222656,
                    0.1400764410217615
                ],
                [
                    0.0,
                    0.0,
                    0.0,
                    1.0
                ]
            ]
        },
        {
            "file_path": "images/frame_00044.JPG",
            "transform_matrix": [
                [
                    0.9018083550150154,
                    -0.2063197525691197,
                    -0.37970231830333734,
                    0.1867096019390117
                ],
                [
                    0.031239759845801206,
                    0.9074904264154258,
                    -0.41890954079505666,
                    3.3161139099423975
                ],
                [
                    0.43100553155370086,
                    0.3659143146477954,
                    0.8248278281592746,
                    0.13332604457699934
                ],
                [
                    0.0,
                    0.0,
                    0.0,
                    1.0
                ]
            ]
        },
        {
            "file_path": "images/frame_00045.JPG",
            "transform_matrix": [
                [
                    0.9024131604484791,
                    -0.20320358859175483,
                    -0.37994577170014715,
                    0.1798611460988959
                ],
                [
                    0.02869692870613104,
                    0.9081940848754206,
                    -0.4175643548965026,
                    3.8407282844252326
                ],
                [
                    0.429915077814471,
                    0.3659122924701083,
                    0.8253976133276901,
                    0.13027091552414738
                ],
                [
                    0.0,
                    0.0,
                    0.0,
                    1.0
                ]
            ]
        },
        {
            "file_path": "images/frame_00047.JPG",
            "transform_matrix": [
                [
                    0.9028136426844567,
                    -0.19631913943370033,
                    -0.3826046550616357,
                    0.1626868962566481
                ],
                [
                    0.02266513263213962,
                    0.9101983055892588,
                    -0.41355209619249833,
                    4.899068126115977
                ],
                [
                    0.4294343003831778,
                    0.36468868915069647,
                    0.8261890471677515,
                    0.12733851825941606
                ],
                [
                    0.0,
                    0.0,
                    0.0,
                    1.0
                ]
            ]
        },
        {
            "file_path": "images/frame_00046.JPG",
            "transform_matrix": [
                [
                    0.9028755551558197,
                    -0.19983964462233805,
                    -0.38063085573727157,
                    0.17322981700358075
                ],
                [
                    0.02597629645730708,
                    0.9091319644300283,
                    -0.41569736981842903,
                    4.381965476706115
                ],
                [
