{
    "fl_x": 3844.7764272157387,
    "fl_y": 3852.6689093500877,
    "cx": 2593.5,
    "cy": 1680.5,
    "w": 5187,
    "h": 3361,
    "camera_model": "OPENCV",
    "k1": -0.0006344653934072815,
    "k2": 0.0008815804119649949,
    "p1": -6.472477652140879e-05,
    "p2": -1.374647851912992e-07,
    "frames": [
        {
            "file_path": "images/frame_00001.JPG",
            "transform_matrix": [
                [
                    -0.004548811610102055,
                    -0.9936916086284828,
                    0.11205487608432745,
                    2.3439783482039314
                ],
                [
                    0.9968015464721027,
                    0.0044349695900242885,
                    0.07979353354476816,
                    0.6277147617086032
                ],
                [
                    -0.0797871246740994,
                    0.11205943952239693,
                    0.9904931583560616,
                    3.6796299997060524
                ],
                [
                    0.0,
                    0.0,
                    0.0,
                    1.0
                ]
            ]
        },
        {
            "file_path": "images/frame_00002.JPG",
            "transform_matrix": [
                [
                    0.03177482446692747,
                    -0.9941945777019501,
                    0.10279835698169915,
                    2.315590742107085
                ],
                [
                    0.992600606825199,
                    0.01932878974030046,
                    -0.11987674177012805,
                    -0.16793879183592578
                ],
                [
                    0.11719383883269059,
                    0.10584677394808102,
                    0.9874523100304344,
                    3.62402872289265
                ],
                [
                    0.0,
                    0.0,
                    0.0,
                    1.0
                ]
            ]
        },
        {
            "file_path": "images/frame_00003.JPG",
            "transform_matrix": [
                [
                    0.08132947437321854,
                    -0.9912165427739359,
                    0.10428461981261823,
                    2.2561152608055
                ],
                [
                    0.9632093357061312,
                    0.051275798520823326,
                    -0.26381540533980424,
                    -0.9137528768079018
                ],
                [
                    0.25615091685709274,
                    0.12190388762192235,
                    0.9589192614479763,
                    3.4480357588735364
                ],
                [
                    0.0,
                    0.0,
                    0.0,
                    1.0
                ]
            ]
        },
        {
            "file_path": "images/frame_00004.JPG",
            "transform_matrix": [
                [
                    0.12320459838852268,
                    -0.9895409474781817,
                    0.07502892908675284,
                    2.1046306770188243
                ],
                [
                    0.8990234631694336,
                    0.07928077739241844,
                    -0.4306638724189571,
                    -1.6277613755292728
                ],
                [
                    0.4202111845331593,
                    0.12051253710728996,
                    0.8993882858883605,
                    3.08446507755083
                ],
                [
                    0.0,
                    0.0,
                    0.0,
                    1.0
                ]
            ]
        },
        {
            "file_path": "images/frame_00005.JPG",
            "transform_matrix": [
                [
                    0.18088463128768226,
                    -0.9815887156157754,
                    0.06135424630530154,
                    2.0024651070050212
                ],
                [
                    0.8025079267305133,
                    0.11124495433871347,
                    -0.5861788017907767,
                    -2.1921047186266125
                ],
                [
                    0.5685611468422832,
                    0.15526800542916083,
                    0.8078552276190565,
                    2.7331297684483364
                ],
                [
                    0.0,
                    0.0,
                    0.0,
                    1.0
                ]
            ]
        },
        {
            "file_path": "images/frame_00006.JPG",
            "transform_matrix": [
                [
                    0.2033153861588193,
                    -0.9785400565212223,
                    0.03349942588363265,
                    1.7927901887405362
                ],
                [
                    0.6949683271579511,
                    0.12012675760014684,
                    -0.7089348251819447,
                    -2.7872944435697784
                ],
                [
                    0.6896969464905358,
                    0.16741839771040204,
                    0.7044779642470816,
                    2.1158080070008043
                ],
                [
                    0.0,
                    0.0,
                    0.0,
                    1.0
                ]
            ]
        },
        {
            "file_path": "images/frame_00007.JPG",
            "transform_matrix": [
                [
                    0.24336726765185168,
                    -0.9698718887710753,
                    -0.010995108335016969,
                    1.5967499375940666
                ],
                [
                    0.5367273413281396,
                    0.1441043398092971,
                    -0.8313589479394285,
                    -3.299986511590248
                ],
                [
                    0.8078961159124969,
                    0.19642418033366815,
                    0.555627039725163,
                    1.526902773328832
                ],
                [
                    0.0,
                    0.0,
                    0.0,
                    1.0
                ]
            ]
        },
        {
            "file_path": "images/frame_00008.JPG",
            "transform_matrix": [
                [
                    0.28291221038440145,
                    -0.9577723953286755,
                    -0.05131003763186583,
                    1.336688076536367
                ],
                [
                    0.3555652710321904,
                    0.1544122242559677,
                    -0.9218081161695908,
                    -3.6089531380152704
                ],
                [
                    0.8908052644945568,
                    0.24254670425857375,
                    0.38423570500681825,
                    0.7389113186170275
                ],
                [
                    0.0,
                    0.0,
                    0.0,
                    1.0
                ]
            ]
        },
        {
            "file_path": "images/frame_00010.JPG",
            "transform_matrix": [
                [
                    0.29635637112459345,
                    -0.9416034658531786,
                    -0.1598618603267962,
                    0.8873687676650247
                ],
                [
                    0.004256055640797898,
                    0.16868138921118725,
                    -0.9856614403151652,
                    -3.7949264797502926
                ],
                [
                    0.9550679490404043,
                    0.2914266666368502,
                    0.05399732112512193,
                    -0.6969488970597344
                ],
                [
                    0.0,
                    0.0,
                    0.0,
                    1.0
                ]
            ]
        },
        {
            "file_path": "images/frame_00009.JPG",
            "transform_matrix": [
                [
                    0.2978309050488293,
                    -0.9477289480892852,
                    -0.11448402924151552,
                    1.1311276842094022
                ],
                [
                    0.18020232142812417,
                    0.17358581583436172,
                    -0.9681916586570211,
                    -3.751342153150168
                ],
                [
                    0.9374560658237323,
                    0.26772711012278155,
                    0.22248217716391075,
                    0.008727257759056585
                ],
                [
                    0.0,
                    0.0,
                    0.0,
                    1.0
                ]
            ]
        },
        {
            "file_path": "images/frame_00011.JPG",
            "transform_matrix": [
                [
                    0.2953982580865366,
                    -0.9348652365650879,
                    -0.196893013033836,
                    0.6936419638520764
                ],
                [
                    -0.142291002056957,
                    0.16073993322472455,
                    -0.9766862058002755,
                    -3.6451327346603337
                ],
                [
                    0.944718550602806,
                    0.31652750801314805,
                    -0.08554061501953063,
                    -1.281849950118375
                ],
                [
                    0.0,
                    0.0,
                    0.0,
                    1.0
                ]
            ]
        },
        {
            "file_path": "images/frame_00012.JPG",
            "transform_matrix": [
                [
                    0.28840326238870667,
                    -0.9166970969522474,
                    -0.2765682387456538,
                    0.440193076981652
                ],
                [
                    -0.36560774307483174,
                    0.1615284393656726,
                    -0.9166458102668763,
                    -3.5535317593145566
                ],
                [
                    0.8849601891877842,
                    0.3654791317098863,
                    -0.2885662278183449,
                    -1.9770228734434627
                ],
                [
                    0.0,
                    0.0,
                    0.0,
                    1.0
                ]
            ]
        },
        {
            "file_path": "images/frame_00013.JPG",
            "transform_matrix": [
                [
                    0.26206131608137123,
                    -0.9080637328332344,
                    -0.3267171922728763,
                    0.22283615181328006
                ],
                [
                    -0.537169087424963,
                    0.14399950542315648,
                    -0.8310917602484806,
                    -3.274873831730369
                ],
                [
                    0.8017314002387155,
                    0.3932993764943676,
                    -0.4500470667834751,
                    -2.647354950019224
                ],
                [
                    0.0,
                    0.0,
                    0.0,
                    1.0
                ]
            ]
        },
        {
            "file_path": "images/frame_00014.JPG",
            "transform_matrix": [
                [
                    0.22501734698742726,
                    -0.8942373585174724,
                    -0.3869195526029063,
                    0.09343660031712944
                ],
                [
                    -0.6723740373782819,
                    0.14489016513560868,
                    -0.7258925498354455,
                    -2.722503714667219
                ],
                [
                    0.7051810742031921,
                    0.4234930774861255,
                    -0.5686591825574981,
                    -3.1074476190464164
                ],
                [
                    0.0,
                    0.0,
                    0.0,
                    1.0
                ]
            ]
        },
        {
            "file_path": "images/frame_00015.JPG",
            "transform_matrix": [
                [
                    0.17525057380224068,
                    -0.8772972450182148,
                    -0.4468073189479283,
                    -0.021603688854237045
                ],
                [
                    -0.812546527526907,
                    0.12737814174035986,
                    -0.5688083593010367,
                    -2.0298747142295985
                ],
                [
                    0.5559274925617097,
                    0.4627357268357644,
                    -0.6905217376186111,
                    -3.5009051869175587
                ],
                [
                    0.0,
                    0.0,
                    0.0,
                    1.0
                ]
            ]
        },
        {
            "file_path": "images/frame_00016.JPG",
            "transform_matrix": [
                [
                    0.14234695092363012,
                    -0.8886616086500819,
                    -0.43591041611114806,
                    -0.127530995130254
                ],
                [
                    -0.8979785558831325,
                    0.06931593647407458,
                    -0.43454552595184526,
                    -1.459922274265843
                ],
                [
                    0.4163794648356105,
                    0.4532944366106545,
                    -0.7881321557968815,
                    -3.732362581753409
                ],
                [
                    0.0,
                    0.0,
                    0.0,
                    1.0
                ]
            ]
        },
        {
            "file_path": "images/frame_00017.JPG",
            "transform_matrix": [
                [
                    0.09204756860538936,
                    -0.8791309339329663,
                    -0.46760672163259837,
                    -0.22753848607278568
                ],
                [
                    -0.9497172998534489,
                    0.06362825207866621,
                    -0.3065754326368769,
                    -0.7829586229589689
                ],
                [
                    0.2992729447726785,
                    0.4723137162306044,
                    -0.8290690308940055,
                    -4.008206232096984
                ],
                [
                    0.0,
                    0.0,
                    0.0,
                    1.0
                ]
            ]
        },
        {
            "file_path": "images/frame_00018.JPG",
            "transform_matrix": [
                [
                    0.03192037590462479,
                    -0.8723039846709449,
                    -0.48792094434375244,
                    -0.29297196732539293
                ],
                [
                    -0.9930071128591721,
                    0.027834539241085893,
                    -0.1147262491164399,
                    -0.10315592447682699
                ],
                [
                    0.11365721892250588,
                    0.4881710732442349,
                    -0.8653155723979391,
                    -4.211707571172551
                ],
                [
                    0.0,
                    0.0,
                    0.0,
                    1.0
                ]
            ]
        },
        {
            "file_path": "images/frame_00019.JPG",
            "transform_matrix": [
                [
                    -0.023279913222089763,
                    -0.8777360815503347,
                    -0.47857853773966547,
                    -0.2932353454068599
                ],
                [
                    -0.9976767728029526,
                    -0.010260037303715245,
                    0.06734826385299306,
                    0.5680425316293237
                ],
                [
                    -0.06402423486351062,
                    0.4790345528030215,
                    -0.8754580484357611,
                    -4.229877027683895
                ],
                [
                    0.0,
                    0.0,
                    0.0,
                    1.0
                ]
            ]
        },
        {
            "file_path": "images/frame_00020.JPG",
            "transform_matrix": [
                [
                    -0.07518251112735093,
                    -0.8933704856099831,
                    -0.4429861910506565,
                    -0.2301495824915099
                ],
                [
                    -0.9689995660977354,
                    -0.039393740673551315,
                    0.2439015664118304,
                    1.2154646329232168
                ],
                [
                    -0.23534534395858628,
                    0.4475905591461107,
                    -0.8627138925740595,
                    -4.059337116327885
                ],
                [
                    0.0,
                    0.0,
                    0.0,
                    1.0
                ]
            ]
        },
        {
            "file_path": "images/frame_00021.JPG",
            "transform_matrix": [
                [
                    -0.13627540918189215,
                    -0.8786075673181618,
                    -0.457687399327936,
                    -0.08967323977656276
                ],
                [
                    -0.9102614574603747,
                    -0.07127511136783533,
                    0.4078528381188691,
                    1.8349555407882217
                ],
                [
                    -0.3909643102821812,
                    0.4721955115741407,
                    -0.7900495597966076,
                    -3.660796507330539
                ],
                [
                    0.0,
                    0.0,
                    0.0,
                    1.0
                ]
            ]
        },
        {
            "file_path": "images/frame_00022.JPG",
            "transform_matrix": [
                [
                    -0.18468741481544076,
                    -0.8845084275315888,
                    -0.4284103178430526,
                    0.04788115512823403
                ],
                [
                    -0.7932875194762665,
                    -0.12315779071118202,
                    0.596260907682478,
                    2.657016758620982
                ],
                [
                    -0.5801598661162121,
                    0.44997444395513925,
                    -0.6789238024515579,
                    -3.304973033651401
                ],
                [
                    0.0,
                    0.0,
                    0.0,
                    1.0
                ]
            ]
        },
        {
            "file_path": "images/frame_00023.JPG",
            "transform_matrix": [
                [
                    -0.23656794911409945,
                    -0.8917960562752404,
                    -0.38566228680527886,
                    0.22576652211074413
                ],
                [
                    -0.6282846564105921,
                    -0.16236859469373327,
                    0.7608513849472881,
                    3.0894150672349743
                ],
                [
                    -0.7411437080424911,
                    0.42229874907358,
                    -0.5218905733579755,
                    -2.7322171818122847
                ],
                [
                    0.0,
                    0.0,
                    0.0,
                    1.0
                ]
            ]
        },
        {
            "file_path": "images/frame_00024.JPG",
            "transform_matrix": [
                [
                    -0.28175319359965956,
                    -0.9059692539483203,
                    -0.3159665311337845,
                    0.4942796367830162
                ],
                [
                    -0.4483612839861236,
                    -0.16682439284590267,
                    0.8781467878287266,
                    3.5197875073311904
                ],
                [
                    -0.8482849149423249,
                    0.38908782151581145,
                    -0.35919823249756194,
                    -1.9928981026529857
                ],
                [
                    0.0,
                    0.0,
                    0.0,
                    1.0
                ]
            ]
        },
        {
            "file_path": "images/frame_00025.JPG",
            "transform_matrix": [
                [
                    -0.3063293664433035,
                    -0.8984696475876656,
                    -0.31450693413363817,
                    0.6043124548294402
                ],
                [
                    -0.2817732211447011,
                    -0.2300017789454649,
                    0.93150578824163,
                    3.6291310467815268
                ],
                [
                    -0.9092668316287487,
                    0.37396720985350823,
                    -0.18270838747632379,
                    -1.4145858581441173
                ],
                [
                    0.0,
                    0.0,
                    0.0,
                    1.0
                ]
            ]
        },
        {
            "file_path": "images/frame_00026.JPG",
            "transform_matrix": [
                [
                    -0.3138391780800978,
                    -0.9121931003092807,
                    -0.2634553435596844,
                    0.854617776354496
                ],
                [
                    -0.09493246752302557,
                    -0.24593724883275134,
                    0.9646256767506072,
                    3.5540327144403903
                ],
                [
                    -0.9447183690984303,
                    0.32774779539261606,
                    -0.009411997836887539,
                    -0.703745976196964
                ],
                [
                    0.0,
                    0.0,
                    0.0,
                    1.0
                ]
            ]
        },
        {
            "file_path": "images/frame_00029.JPG",
            "transform_matrix": [
                [
                    -0.263007166051231,
                    -0.9647927027592305,
                    -0.0015070860092452098,
                    1.5858672198954025
                ],
                [
                    0.5993136299221776,
                    -0.16459954988443204,
                    0.7834093190455071,
                    3.231349403573334
                ],
                [
                    -0.7560756599674421,
                    0.20513904767347785,
                    0.6215042779614758,
                    1.4909455715776863
                ],
                [
                    0.0,
                    0.0,
                    0.0,
                    1.0
                ]
            ]
        },
        {
            "file_path": "images/frame_00027.JPG",
            "transform_matrix": [
                [
                    -0.30243400078514815,
                    -0.9330409243490895,
                    -0.19485458336638067,
                    1.0726527044633525
                ],
                [
                    0.18120212225416968,
                    -0.2569798232967862,
                    0.9492771783356732,
                    3.5469912675096382
                ],
                [
                    -0.9357881523398733,
                    0.25178563086115396,
                    0.24678843172275464,
                    0.03279005185795018
                ],
                [
                    0.0,
                    0.0,
                    0.0,
                    1.0
                ]
            ]
        },
        {
            "file_path": "images/frame_00028.JPG",
            "transform_matrix": [
                [
                    -0.28800166650355524,
                    -0.9540183555472911,
                    -0.08309041683622279,
                    1.3253218389895767
                ],
                [
                    0.40306820835634294,
                    -0.1994699111040706,
                    0.8931672709949362,
                    3.4407649998790055
                ],
                [
                    -0.8686720091631723,
                    0.22374255706721613,
                    0.4419821361247996,
                    0.7652478428600386
                ],
                [
                    0.0,
                    0.0,
                    0.0,
                    1.0
                ]
            ]
        },
        {
            "file_path": "images/frame_00031.JPG",
            "transform_matrix": [
                [
                    -0.17274402435467867,
                    -0.9792661867820326,
                    0.10581699993445005,
                    1.9746517472946195
                ],
                [
                    0.8424637799681064,
                    -0.09123645672077216,
                    0.530971457243126,
                    2.5852997846674235
                ],
                [
                    -0.5103080260897337,
                    0.18086913609130748,
                    0.8407568460131526,
                    2.762457816952015
                ],
                [
                    0.0,
                    0.0,
                    0.0,
                    1.0
                ]
            ]
        },
        {
            "file_path": "images/frame_00030.JPG",
            "transform_matrix": [
                [
                    -0.21863403519706276,
                    -0.97405586047026,
                    0.05843234837819633,
                    1.7826664462979054
                ],
                [
                    0.7428243977897514,
                    -0.1273035645145996,
                    0.657271417688439,
                    2.903882703791493
                ],
                [
                    -0.6327804300875167,
                    0.1871068762643922,
                    0.7513853499721955,
                    2.1457112924409936
                ],
                [
                    0.0,
                    0.0,
                    0.0,
                    1.0
                ]
            ]
        },
        {
            "file_path": "images/frame_00032.JPG",
            "transform_matrix": [
                [
                    -0.13575829802405492,
                    -0.977977310918173,
                    0.15852464744282288,
                    2.135575723175938
                ],
                [
                    0.912118083025036,
                    -0.06090658582538087,
                    0.4053775899353945,
                    2.1256953661295417
                ],
                [
                    -0.38679489026659236,
                    0.1996265692044897,
                    0.9002993645067732,
                    3.2872158139427725
                ],
                [
                    0.0,
                    0.0,
                    0.0,
                    1.0
                ]
            ]
        },
        {
            "file_path": "images/frame_00033.JPG",
            "transform_matrix": [
                [
                    -0.06746326985918549,
                    -0.9835997803494394,
                    0.16727276920180814,
                    2.2573760800856153
                ],
                [
                    0.9834192898367744,
                    -0.03726910229001361,
                    0.17747539094598666,
                    1.228960357367802
                ],
                [
                    -0.16833064960618732,
                    0.17647233809022644,
                    0.9698052929800538,
                    3.679675207828408
                ],
                [
                    0.0,
                    0.0,
                    0.0,
                    1.0
                ]
            ]
        },
        {
            "file_path": "images/frame_00034.JPG",
            "transform_matrix": [
                [
                    -0.003907050012871595,
                    -0.9998918395508871,
                    0.014179004187181727,
                    1.8717405189069476
                ],
                [
                    0.9996726994299535,
                    -0.0035469154766228565,
                    0.02533601004561426,
                    0.36343387881436984
                ],
                [
                    -0.025282977961994378,
                    0.014273352449403405,
                    0.9995784323579759,
                    3.9715772202165436
                ],
                [
                    0.0,
                    0.0,
                    0.0,
                    1.0
                ]
            ]
        },
        {
            "file_path": "images/frame_00035.JPG",
            "transform_matrix": [
                [
                    0.06094697729617215,
                    -0.9981398111120572,
                    0.001543836664490181,
                    1.8546855199913888
                ],
                [
                    0.9815352737601629,
                    0.05965199209051226,
                    -0.18174197700089978,
                    -0.4489453938018735
                ],
                [
                    0.1813118096623107,
                    0.012591954289156623,
                    0.9833450413584022,
                    3.8311895428629716
                ],
                [
                    0.0,
                    0.0,
                    0.0,
                    1.0
                ]
            ]
        },
        {
            "file_path": "images/frame_00036.JPG",
            "transform_matrix": [
                [
                    0.07363478727008489,
                    -0.9972182018078088,
                    0.011566161285816843,
                    1.7980957269695637
                ],
                [
                    0.9495020191237276,
                    0.06655509603520439,
                    -0.30662083241637317,
                    -1.0525462561168517
                ],
                [
                    0.3049980881639329,
                    0.03356005326194977,
                    0.9517614664617395,
                    3.6542458066092904
                ],
                [
                    0.0,
                    0.0,
                    0.0,
                    1.0
                ]
            ]
        },
        {
            "file_path": "images/frame_00037.JPG",
            "transform_matrix": [
                [
                    0.13055596110510997,
                    -0.9914403077566616,
                    -0.0011212382874109107,
                    1.651895962741384
                ],
                [
                    0.8933489675124039,
                    0.11812930610148369,
                    -0.4335586341943889,
                    -1.6579406271172819
                ],
                [
                    0.42997995681710904,
                    0.05560200711627331,
                    0.9011246603773526,
                    3.280117396490457
                ],
                [
                    0.0,
                    0.0,
                    0.0,
                    1.0
                ]
            ]
        },
        {
            "file_path": "images/frame_00038.JPG",
            "transform_matrix": [
                [
                    0.1568372768249971,
                    -0.9868488882817233,
                    -0.039132343339572204,
                    1.5267928218131461
                ],
                [
                    0.8211795474545162,
                    0.1523161968357565,
                    -0.5499672054076382,
                    -2.13519563425226
                ],
                [
                    0.5486950149586887,
                    0.05412067884476316,
                    0.8342689810132381,
                    2.8720113227945316
                ],
                [
                    0.0,
                    0.0,
                    0.0,
                    1.0
                ]
            ]
        },
        {
            "file_path": "images/frame_00039.JPG",
            "transform_matrix": [
                [
                    0.20335867160184706,
                    -0.9775392263797069,
                    -0.055338156576601044,
                    1.3817116562850171
                ],
                [
                    0.7235061518528758,
                    0.1881116205710225,
                    -0.6641933953579988,
                    -2.5634748384550337
                ],
                [
                    0.6596848481778064,
                    0.0950319898513545,
                    0.7455097732354129,
                    2.4212847097280044
                ],
                [
                    0.0,
                    0.0,
                    0.0,
                    1.0
                ]
            ]
        },
        {
            "file_path": "images/frame_00040.JPG",
            "transform_matrix": [
                [
                    0.240638565785536,
                    -0.9664375226929085,
                    -0.08995329559207069,
                    1.2079293705733734
                ],
                [
                    0.5946477776215957,
                    0.22004020296518764,
                    -0.7732892923406715,
                    -2.9688318726895364
                ],
                [
                    0.7671291294341376,
                    0.13259269893260792,
                    0.6276400839361594,
                    1.9003991266093796
                ],
                [
                    0.0,
                    0.0,
                    0.0,
                    1.0
                ]
            ]
        },
        {
            "file_path": "images/frame_00041.JPG",
            "transform_matrix": [
                [
                    0.27116545183397234,
                    -0.9482614443003504,
                    -0.16513488724400802,
                    1.0169517013071907
                ],
                [
                    0.4344805376849501,
                    0.2736772361609488,
                    -0.8580952352625558,
                    -3.2162685823901924
                ],
                [
                    0.8588922866720102,
                    0.16093788758622954,
                    0.48621295358577993,
                    1.2344189879561984
                ],
                [
                    0.0,
                    0.0,
                    0.0,
                    1.0
                ]
            ]
        },
        {
            "file_path": "images/frame_00042.JPG",
            "transform_matrix": [
                [
                    0.2553827466923348,
                    -0.9436592662606988,
                    -0.21044439144866373,
                    0.8277739402918738
                ],
                [
                    0.19788585825160102,
                    0.26407093847088486,
                    -0.9439850245417738,
                    -3.507545612308321
                ],
                [
                    0.9463724635659609,
                    0.1994335193878546,
                    0.2541759853893916,
                    0.6868838806211012
                ],
                [
                    0.0,
                    0.0,
                    0.0,
                    1.0
                ]
            ]
        },
        {
            "file_path": "images/frame_00043.JPG",
            "transform_matrix": [
                [
                    0.31245502299831923,
                    -0.9115639767550267,
                    -0.26725077153430427,
                    0.6479833215202168
                ],
                [
                    0.1337607885288929,
                    0.32075345592331445,
                    -0.9376701296113571,
                    -3.5466239893657967
                ],
                [
                    0.9404679208007302,
                    0.25723206797717,
                    0.2221525447725954,
                    0.05668324407654508
                ],
                [
                    0.0,
                    0.0,
                    0.0,
                    1.0
                ]
            ]
        },
        {
            "file_path": "images/frame_00044.JPG",
            "transform_matrix": [
                [
                    0.3097456720698283,
                    -0.8974008272211291,
                    -0.31421230710594894,
                    0.437894090743346
                ],
                [
                    -0.02754661648633733,
                    0.32185641159681777,
                    -0.9463876765016407,
                    -3.593850448334584
                ],
                [
                    0.9504203294091329,
                    0.3017949728157388,
                    0.07497327409805728,
                    -0.5227267645315916
                ],
                [
                    0.0,
                    0.0,
                    0.0,
                    1.0
                ]
            ]
        },
        {
            "file_path": "images/frame_00045.JPG",
            "transform_matrix": [
                [
                    0.29671024759675096,
                    -0.8651950664508101,
                    -0.4042283092019321,
                    0.2353469633975825
                ],
                [
                    -0.23734912531448862,
                    0.34319539008096484,
                    -0.9087806759277077,
                    -3.437079191099175
                ],
                [
                    0.9250018495568112,
                    0.36558777498208617,
                    -0.10352370308352407,
                    -1.140743527470528
                ],
                [
                    0.0,
                    0.0,
                    0.0,
                    1.0
                ]
            ]
        },
        {
            "file_path": "images/frame_00046.JPG",
            "transform_matrix": [
                [
                    0.269051011545009,
                    -0.8560444480467546,
                    -0.4413609137145409,
                    0.05694942023921317
                ],
                [
                    -0.37208570503146193,
                    0.33029326175382356,
                    -0.8674437096153613,
                    -3.258454463520007
                ],
                [
                    0.888348907410735,
                    0.3976106942831734,
                    -0.2296561658083787,
                    -1.649480953358553
                ],
                [
                    0.0,
                    0.0,
                    0.0,
                    1.0
                ]
            ]
        },
        {
            "file_path": "images/frame_00048.JPG",
            "transform_matrix": [
                [
                    0.20792164569004848,
                    -0.8234124635869129,
                    -0.5279777495910909,
                    -0.2565406075856894
                ],
                [
                    -0.6304580098220325,
                    0.29987872110913744,
                    -0.7159577155650954,
                    -2.472294043024354
                ],
                [
